{
 "cells": [
  {
   "cell_type": "markdown",
   "metadata": {},
   "source": [
    "# **Sanity check**\n",
    "### **05/26/2022**"
   ]
  },
  {
   "cell_type": "code",
   "execution_count": 1,
   "metadata": {},
   "outputs": [],
   "source": [
    "import pandas as pd\n",
    "import numpy as np\n",
    "import re\n",
    "import os\n",
    "import time\n",
    "import matplotlib.pyplot as plt\n",
    "from glob import glob\n",
    "import random\n",
    "import sklearn\n",
    "from sklearn.model_selection import GridSearchCV"
   ]
  },
  {
   "cell_type": "code",
   "execution_count": 2,
   "metadata": {},
   "outputs": [],
   "source": [
    "def mahalanobis_transformation(feature_df, flag = \"Train\"):\n",
    "    # whiten the data\n",
    "    from numpy.linalg import pinv\n",
    "    ones = np.ones((feature_df.shape[0], 1)) # n * 1\n",
    "    if flag == \"Train\":\n",
    "        globals()['feature_mean'] = np.array(feature_df.mean()).reshape(-1, 1).T # 1 * p\n",
    "        feature_centered = feature_df - ones @ feature_mean\n",
    "        # get cov matrix # p * p\n",
    "        cov = feature_centered.T @ feature_centered / feature_df.shape[0]\n",
    "        u, s, vh = np.linalg.svd(cov) # all real numbers\n",
    "        # w, v = np.linalg.eig(cov) # generate complex numbers\n",
    "        # theshold for pinv: 1e-15\n",
    "        s_pinv = pinv(np.diag(s), rcond = 1e-15, hermitian = True)\n",
    "        s_pinv_sqrt = np.array(np.zeros(feature_df.shape[1]))\n",
    "        for i, item in enumerate(np.diag(s_pinv)):\n",
    "            if item > 0:\n",
    "                s_pinv_sqrt[i] = np.sqrt(item)\n",
    "        globals()['sigma_pinv_sqrt'] = u @ np.diag(s_pinv_sqrt) @ u.T\n",
    "        feature_df_whitened = (feature_df - ones @ feature_mean) @ sigma_pinv_sqrt \n",
    "    else:\n",
    "        feature_df_whitened = (feature_df - ones @ globals()['feature_mean']) @ globals()['sigma_pinv_sqrt']\n",
    "    return feature_df_whitened\n",
    "\n",
    "def my_SAVE(feature_df, label_df, flag = \"Train\", n_directions = 977):\n",
    "\n",
    "    def get_cov_mat(feature_df):\n",
    "        from numpy.linalg import pinv\n",
    "        ones = np.ones((feature_df.shape[0], 1)) # n * 1\n",
    "        feature_mean = np.array(feature_df.mean()).reshape(-1, 1).T\n",
    "        feature_centered = feature_df - ones @ feature_mean\n",
    "        # get cov matrix # p * p\n",
    "        cov = feature_centered.T @ feature_centered / feature_centered.shape[0]\n",
    "        return cov\n",
    "    \n",
    "    feature_df = pd.DataFrame(feature_df)\n",
    "    if flag == \"Train\":\n",
    "        # whitening\n",
    "        feature_df_whitened = mahalanobis_transformation(feature_df, flag = \"Train\")\n",
    "        print('-------------------------------------------------------------------')\n",
    "        print(f'Shape of feature df before post processing: {feature_df.shape}')\n",
    "        # get slices\n",
    "        slice_index_dict = {1: [], 2: [], 3: [], 4: [], 5: []}\n",
    "        for i in np.arange(5):\n",
    "            slice_index_dict[i + 1].extend(label_df[label_df[\"label\"] == (i + 1)].index)\n",
    "            globals()[\"feature_df_\" + str(i + 1)] = feature_df_whitened.loc[slice_index_dict[i + 1],:]\n",
    "            globals()[\"label_df_\" + str(i + 1)] = label_df.loc[slice_index_dict[i + 1], \"label\"]\n",
    "            # get sliced cov matrices\n",
    "            globals()['cov_' + str(i + 1)] = get_cov_mat(globals()[\"feature_df_\" + str(i + 1)])\n",
    "        # concatenate 5 cov matrices, weighted by the proportion of classes\n",
    "        globals()['weight_df'] = label_df[\"label\"].value_counts() / label_df.shape[0]\n",
    "        weighted_cov = pd.DataFrame(\n",
    "            data = np.zeros((cov_1.shape[0], cov_1.shape[0])), \n",
    "            columns = np.arange(feature_df.shape[1], dtype = int), \n",
    "            index = globals()['cov_' + str(1)].index\n",
    "        )\n",
    "        for i in np.arange(5):\n",
    "            print('-------------------------------------------------------------------')\n",
    "            print(f'Class label {str(i + 1)}:')\n",
    "            print('COV Mat:')\n",
    "            print(globals()['cov_' + str(i + 1)])\n",
    "            if feature_df.shape[1] == 2:\n",
    "                u, s, vh = np.linalg.svd(globals()['cov_' + str(i + 1)])\n",
    "                print(f'Eigen values of COV mat: {s}')\n",
    "                print(f'Eigen values ratio of COV mat: {s[0] / s[1]:8.4f}')\n",
    "                print(f'(1 - Eigen values of COV mat) ratio: {(1 - s[0]) / (1 - s[1]):8.4f}')\n",
    "                print(f'(1 - Eigen values of COV mat)^2 ratio: {((1 - s[0]) / (1 - s[1])) ** 2:8.4f}')\n",
    "                u, s, vh = np.linalg.svd(np.eye(cov_1.shape[0]) - globals()[\"cov_\" + str(i + 1)])\n",
    "                print(f'Eigen values of (I - COV mat): {s}')\n",
    "                print(f'Eigen values ratio of (I - COV mat) : {s[0] / s[1]:8.4f}')\n",
    "                print(f'(1 - Eigen values of (I - COV mat)) ratio: {(1 - s[0]) / (1 - s[1]):8.4f}')\n",
    "                print(f'(1 - Eigen values of (I - COV mat))^2 ratio: {((1 - s[0]) / (1 - s[1])) ** 2:8.4f}')\n",
    "\n",
    "            u, s, vh = np.linalg.svd(np.eye(cov_1.shape[0]) - globals()[\"cov_\" + str(i + 1)])\n",
    "            print(f'(I - V) eigenvalues: {s}')\n",
    "            u, s, vh = np.linalg.svd((np.eye(cov_1.shape[0]) - globals()[\"cov_\" + str(i + 1)]) @ (np.eye(cov_1.shape[0]) - globals()[\"cov_\" + str(i + 1)]).T)\n",
    "            print(f'(I - V)^2 eigenvalues: {s}')\n",
    "            weighted_cov += weight_df.loc[i + 1] * (np.eye(cov_1.shape[0]) - globals()[\"cov_\" + str(i + 1)]) @ (np.eye(cov_1.shape[0]) - globals()[\"cov_\" + str(i + 1)]).T\n",
    "        u, s, vh = np.linalg.svd(weighted_cov)\n",
    "        print('-------------------------------------------------------------------')\n",
    "        print(f'Weighted sum of (I - V)^2 eigenvalues: {s}')\n",
    "        print('-------------------------------------------------------------------')\n",
    "        globals()['directions'] = vh[:,:n_directions]\n",
    "        feature_df_reduced = feature_df_whitened @ directions\n",
    "        print(f'Shape of feature df after post processing: {feature_df_reduced.shape}')  \n",
    "    elif flag == \"Test\":\n",
    "        feature_df_whitened = mahalanobis_transformation(feature_df, flag = \"Test\")\n",
    "        feature_df_reduced = feature_df_whitened @ globals()['directions']\n",
    "    return feature_df_reduced, feature_df_whitened\n",
    "\n",
    "def post_process(\n",
    "    feature_df, \n",
    "    label_df, \n",
    "    flag = \"Train\", \n",
    "    method = None, \n",
    "    add_predictors = False, \n",
    "    n_directions = 977\n",
    "):\n",
    "    '''\n",
    "    Implement sufficient dimension reduction methods. \n",
    "    SAVE\n",
    "    Contour regression\n",
    "    '''\n",
    "    %xmode plain\n",
    "    import pandas as pd\n",
    "    import re\n",
    "    import os\n",
    "    import numpy as np\n",
    "    from sklearn.decomposition import PCA\n",
    "    from sklearn.preprocessing import StandardScaler\n",
    "\n",
    "    if method:\n",
    "        feature_df_reduced, feature_df_whitened = method(\n",
    "            feature_df = feature_df, \n",
    "            label_df = label_df, \n",
    "            flag = flag,\n",
    "            n_directions = n_directions\n",
    "        )\n",
    "        feature_df_reduced = pd.DataFrame(feature_df_reduced)\n",
    "        return feature_df_reduced, feature_df_whitened\n",
    "    else:\n",
    "        print(\"No method specified\")\n",
    "        pass\n"
   ]
  },
  {
   "cell_type": "code",
   "execution_count": 3,
   "metadata": {},
   "outputs": [],
   "source": [
    "def sanity_check(size = 1000, core_dirs = 1, feature_df_flag = False, feature_df = None, core_distribution = np.random.uniform, redundant_dirs = 1, n_directions = 1, fig_output = True, **kwargs):\n",
    "    if feature_df_flag == False:\n",
    "        core_feature_df = pd.DataFrame(data = None)\n",
    "        for i in np.arange(core_dirs):\n",
    "            core_feature_df = pd.concat(\n",
    "                [\n",
    "                    core_feature_df, \n",
    "                    pd.Series(core_distribution(size = size, **kwargs) * 5)\n",
    "                ], \n",
    "                axis = 1\n",
    "            )\n",
    "        core_coef = np.random.random(size = core_dirs) * 0.1\n",
    "        y_train = np.sin(0.2 * np.asarray(core_feature_df) @ core_coef) * 5 + np.random.random(size = size)   \n",
    "        y_train_discrete = pd.cut(y_train, bins = 5, labels=np.arange(5) + 1).astype(int)\n",
    "        redundant_feature_df = pd.DataFrame(data = None)\n",
    "        for i in np.arange(redundant_dirs):\n",
    "            redundant_feature_df = pd.concat(\n",
    "                [\n",
    "                    redundant_feature_df, \n",
    "                    pd.Series(core_distribution(size = size, **kwargs) * (np.random.randint(10) + 5))\n",
    "                ], \n",
    "                axis = 1\n",
    "            )\n",
    "\n",
    "    if feature_df_flag == False:\n",
    "        syncthetic_feature_df_train = pd.concat([core_feature_df, redundant_feature_df], axis = 1)\n",
    "    else:\n",
    "        syncthetic_feature_df_train = feature_df\n",
    "    syncthetic_label_df_train = pd.DataFrame(y_train_discrete, columns = [\"label\"])\n",
    "\n",
    "    feature_df_reduced, feature_df_whitened = post_process(\n",
    "        feature_df = syncthetic_feature_df_train, \n",
    "        label_df = syncthetic_label_df_train, \n",
    "        flag = \"Train\", \n",
    "        method = my_SAVE, \n",
    "        n_directions = n_directions\n",
    "    )\n",
    "    if fig_output:\n",
    "        fig = plt.figure(figsize = (4,4), dpi = 270)\n",
    "        ax = fig.add_subplot(projection = '3d')\n",
    "        ax.scatter(\n",
    "            feature_df_whitened.iloc[:,0], \n",
    "            feature_df_whitened.iloc[:,1], \n",
    "            y_train_discrete.reshape(-1, 1), \n",
    "            cmap = \"inferno\", \n",
    "            s = 4, \n",
    "            linewidths = 0, \n",
    "            edgecolors = None, \n",
    "            c = y_train_discrete.reshape(-1, 1))\n",
    "        ax.set_xlabel(\"core_x1\")\n",
    "        ax.set_ylabel(\"redundant_x1\")\n",
    "        ax.set_zlabel(\"y\")\n",
    "        ax.set_title(\"Core features: \" + str(core_dirs) + \" Redundant features: \" + str(redundant_dirs))\n",
    "        plt.show()\n",
    "        plt.figure(figsize = (4, 3), dpi = 270)\n",
    "        plt.scatter(core_feature_df.iloc[:,0], y_train_discrete, cmap = \"inferno\", c = y_train_discrete.reshape(-1, 1))\n",
    "        plt.xlabel(\"core_x1\")\n",
    "        plt.ylabel(\"y\")\n",
    "        plt.title(\"Sectional View\")\n",
    "        plt.show()\n",
    "    print('-------------------------------------------------------------------')\n",
    "    print(f'Directions: \\n{directions}')\n",
    "    return feature_df_reduced, feature_df_whitened, syncthetic_label_df_train\n"
   ]
  },
  {
   "cell_type": "code",
   "execution_count": 4,
   "metadata": {},
   "outputs": [
    {
     "name": "stdout",
     "output_type": "stream",
     "text": [
      "Exception reporting mode: Plain\n",
      "-------------------------------------------------------------------\n",
      "Shape of feature df before post processing: (1000, 10)\n",
      "-------------------------------------------------------------------\n",
      "Class label 1:\n",
      "COV Mat:\n",
      "          0         1         2         3         4         5         6  \\\n",
      "0  1.187975  0.828883  0.072158  0.002286  0.059975  0.103123 -0.027499   \n",
      "1  0.828883  1.211015  0.094048  0.046505  0.006505 -0.007087 -0.025774   \n",
      "2  0.072158  0.094048  0.992134  0.046148 -0.011568 -0.030646 -0.012092   \n",
      "3  0.002286  0.046505  0.046148  1.053024  0.009373 -0.011534 -0.003518   \n",
      "4  0.059975  0.006505 -0.011568  0.009373  1.041286 -0.023196 -0.012671   \n",
      "5  0.103123 -0.007087 -0.030646 -0.011534 -0.023196  0.903773  0.077384   \n",
      "6 -0.027499 -0.025774 -0.012092 -0.003518 -0.012671  0.077384  1.037894   \n",
      "7 -0.049991 -0.012714  0.148374  0.028912  0.050504 -0.053364  0.052881   \n",
      "8 -0.009356  0.000908  0.005960 -0.003711 -0.009030  0.043245  0.054962   \n",
      "9 -0.082390 -0.032267  0.003775 -0.023131 -0.016981 -0.041158 -0.001660   \n",
      "\n",
      "          7         8         9  \n",
      "0 -0.049991 -0.009356 -0.082390  \n",
      "1 -0.012714  0.000908 -0.032267  \n",
      "2  0.148374  0.005960  0.003775  \n",
      "3  0.028912 -0.003711 -0.023131  \n",
      "4  0.050504 -0.009030 -0.016981  \n",
      "5 -0.053364  0.043245 -0.041158  \n",
      "6  0.052881  0.054962 -0.001660  \n",
      "7  0.970333 -0.002485  0.020511  \n",
      "8 -0.002485  0.980027 -0.031908  \n",
      "9  0.020511 -0.031908  0.901086  \n",
      "(I - V) eigenvalues: [1.05679048 0.64734112 0.20533393 0.1797965  0.15728851 0.11847208\n",
      " 0.1075548  0.0487371  0.04205085 0.03432075]\n",
      "(I - V)^2 eigenvalues: [1.11680612 0.41905053 0.04216202 0.03232678 0.02473968 0.01403563\n",
      " 0.01156803 0.0023753  0.00176827 0.00117791]\n",
      "-------------------------------------------------------------------\n",
      "Class label 2:\n",
      "COV Mat:\n",
      "          0         1         2         3         4         5         6  \\\n",
      "0  1.015800  0.572105  0.004809  0.039373 -0.066262 -0.092880  0.043405   \n",
      "1  0.572105  1.322449  0.042140  0.043435  0.019025 -0.040175  0.047623   \n",
      "2  0.004809  0.042140  0.903126  0.017758  0.010859 -0.049194 -0.057499   \n",
      "3  0.039373  0.043435  0.017758  1.081707  0.084958 -0.128520 -0.031226   \n",
      "4 -0.066262  0.019025  0.010859  0.084958  0.978966 -0.119158 -0.002552   \n",
      "5 -0.092880 -0.040175 -0.049194 -0.128520 -0.119158  1.036465 -0.001387   \n",
      "6  0.043405  0.047623 -0.057499 -0.031226 -0.002552 -0.001387  0.942872   \n",
      "7  0.055281  0.163654 -0.085858  0.029512 -0.052784  0.046737 -0.048554   \n",
      "8  0.039700  0.070019  0.006269  0.065714 -0.020068  0.101429  0.039161   \n",
      "9  0.026110 -0.008157  0.090314 -0.086881 -0.005049 -0.008831 -0.003124   \n",
      "\n",
      "          7         8         9  \n",
      "0  0.055281  0.039700  0.026110  \n",
      "1  0.163654  0.070019 -0.008157  \n",
      "2 -0.085858  0.006269  0.090314  \n",
      "3  0.029512  0.065714 -0.086881  \n",
      "4 -0.052784 -0.020068 -0.005049  \n",
      "5  0.046737  0.101429 -0.008831  \n",
      "6 -0.048554  0.039161 -0.003124  \n",
      "7  0.954215  0.022687 -0.039154  \n",
      "8  0.022687  1.021396 -0.239674  \n",
      "9 -0.039154 -0.239674  1.027587  \n",
      "(I - V) eigenvalues: [0.82218295 0.45861947 0.33032171 0.27565358 0.27383511 0.20684309\n",
      " 0.11619788 0.08669917 0.0235928  0.02133706]\n",
      "(I - V)^2 eigenvalues: [6.75984810e-01 2.10331822e-01 1.09112433e-01 7.59848934e-02\n",
      " 7.49856682e-02 4.27840645e-02 1.35019475e-02 7.51674588e-03\n",
      " 5.56620077e-04 4.55270322e-04]\n",
      "-------------------------------------------------------------------\n",
      "Class label 3:\n",
      "COV Mat:\n",
      "          0         1         2         3         4         5         6  \\\n",
      "0  0.983958 -0.080871  0.103796 -0.092286 -0.029080  0.016431  0.041023   \n",
      "1 -0.080871  0.995841 -0.050102  0.068581  0.033484  0.009299  0.046939   \n",
      "2  0.103796 -0.050102  0.911360 -0.082926 -0.120791  0.066946  0.046515   \n",
      "3 -0.092286  0.068581 -0.082926  0.774836 -0.047063  0.007431 -0.080964   \n",
      "4 -0.029080  0.033484 -0.120791 -0.047063  0.994030  0.103758 -0.030280   \n",
      "5  0.016431  0.009299  0.066946  0.007431  0.103758  1.033543 -0.098570   \n",
      "6  0.041023  0.046939  0.046515 -0.080964 -0.030280 -0.098570  1.052767   \n",
      "7  0.052008 -0.073352 -0.048401  0.057770 -0.072446 -0.017706 -0.154401   \n",
      "8  0.039723 -0.105170 -0.120292  0.075887  0.015015 -0.052971 -0.127824   \n",
      "9 -0.029849  0.008897 -0.101990  0.120132  0.014790 -0.020532  0.052507   \n",
      "\n",
      "          7         8         9  \n",
      "0  0.052008  0.039723 -0.029849  \n",
      "1 -0.073352 -0.105170  0.008897  \n",
      "2 -0.048401 -0.120292 -0.101990  \n",
      "3  0.057770  0.075887  0.120132  \n",
      "4 -0.072446  0.015015  0.014790  \n",
      "5 -0.017706 -0.052971 -0.020532  \n",
      "6 -0.154401 -0.127824  0.052507  \n",
      "7  1.058426  0.009446 -0.143664  \n",
      "8  0.009446  1.070563  0.039263  \n",
      "9 -0.143664  0.039263  1.004099  \n",
      "(I - V) eigenvalues: [0.36629394 0.36258469 0.31011773 0.30575862 0.19939299 0.18221819\n",
      " 0.10941704 0.10675765 0.09072353 0.01598797]\n",
      "(I - V)^2 eigenvalues: [0.13417125 0.13146766 0.09617301 0.09348833 0.03975756 0.03320347\n",
      " 0.01197209 0.01139719 0.00823076 0.00025562]\n",
      "-------------------------------------------------------------------\n",
      "Class label 4:\n",
      "COV Mat:\n",
      "          0         1         2         3         4         5         6  \\\n",
      "0  0.784411 -0.448036 -0.148409 -0.054865 -0.043413  0.011085 -0.091136   \n",
      "1 -0.448036  0.727634  0.029503 -0.006289 -0.008692 -0.075575  0.079710   \n",
      "2 -0.148409  0.029503  0.922753  0.037667  0.008673 -0.043540  0.020641   \n",
      "3 -0.054865 -0.006289  0.037667  0.935442 -0.080540  0.032067  0.071973   \n",
      "4 -0.043413 -0.008692  0.008673 -0.080540  1.018145  0.066099  0.158158   \n",
      "5  0.011085 -0.075575 -0.043540  0.032067  0.066099  0.943923 -0.021272   \n",
      "6 -0.091136  0.079710  0.020641  0.071973  0.158158 -0.021272  1.066632   \n",
      "7 -0.014508 -0.120049 -0.061481 -0.085730  0.005496  0.077451  0.040574   \n",
      "8 -0.017437 -0.007613  0.119409  0.001735  0.073969 -0.013543 -0.098192   \n",
      "9  0.060296 -0.016676 -0.012184  0.064281 -0.005160  0.089754 -0.031391   \n",
      "\n",
      "          7         8         9  \n",
      "0 -0.014508 -0.017437  0.060296  \n",
      "1 -0.120049 -0.007613 -0.016676  \n",
      "2 -0.061481  0.119409 -0.012184  \n",
      "3 -0.085730  0.001735  0.064281  \n",
      "4  0.005496  0.073969 -0.005160  \n",
      "5  0.077451 -0.013543  0.089754  \n",
      "6  0.040574 -0.098192 -0.031391  \n",
      "7  1.065950 -0.116303  0.040325  \n",
      "8 -0.116303  0.917085  0.090162  \n",
      "9  0.040325  0.090162  1.007305  \n",
      "(I - V) eigenvalues: [0.72812111 0.39380473 0.29609679 0.25655981 0.249176   0.14186734\n",
      " 0.11963189 0.09256297 0.06857033 0.01406636]\n",
      "(I - V)^2 eigenvalues: [5.30160345e-01 1.55082165e-01 8.76733097e-02 6.58229386e-02\n",
      " 6.20886779e-02 2.01263408e-02 1.43117894e-02 8.56790330e-03\n",
      " 4.70188962e-03 1.97862576e-04]\n",
      "-------------------------------------------------------------------\n",
      "Class label 5:\n",
      "COV Mat:\n",
      "          0         1         2         3         4         5         6  \\\n",
      "0  0.912494 -0.760822 -0.047244  0.037931  0.028262 -0.052219  0.024619   \n",
      "1 -0.760822  0.748995 -0.088952 -0.081290 -0.026212  0.055815 -0.074276   \n",
      "2 -0.047244 -0.088952  1.113137 -0.044409  0.053517  0.053607 -0.002277   \n",
      "3  0.037931 -0.081290 -0.044409  1.019785  0.011872  0.062879 -0.001587   \n",
      "4  0.028262 -0.026212  0.053517  0.011872  0.947480 -0.002773 -0.049874   \n",
      "5 -0.052219  0.055815  0.053607  0.062879 -0.002773  1.074954 -0.009381   \n",
      "6  0.024619 -0.074276 -0.002277 -0.001587 -0.049874 -0.009381  0.895982   \n",
      "7  0.005211  0.022654 -0.041042 -0.022147  0.010015 -0.002552  0.019147   \n",
      "8 -0.020811  0.014798 -0.019006 -0.044749 -0.025971 -0.071247  0.049216   \n",
      "9  0.023789  0.021993 -0.003987 -0.006859  0.032597  0.004346 -0.006482   \n",
      "\n",
      "          7         8         9  \n",
      "0  0.005211 -0.020811  0.023789  \n",
      "1  0.022654  0.014798  0.021993  \n",
      "2 -0.041042 -0.019006 -0.003987  \n",
      "3 -0.022147 -0.044749 -0.006859  \n",
      "4  0.010015 -0.025971  0.032597  \n",
      "5 -0.002552 -0.071247  0.004346  \n",
      "6  0.019147  0.049216 -0.006482  \n",
      "7  0.988684  0.049674  0.037446  \n",
      "8  0.049674  0.999923  0.072067  \n",
      "9  0.037446  0.072067  1.030747  \n",
      "(I - V) eigenvalues: [0.94839667 0.62547473 0.21321649 0.15498816 0.13594671 0.12434054\n",
      " 0.07850606 0.06308176 0.03172486 0.00156987]\n",
      "(I - V)^2 eigenvalues: [8.99456250e-01 3.91218643e-01 4.54612701e-02 2.40213288e-02\n",
      " 1.84815092e-02 1.54605691e-02 6.16320176e-03 3.97930882e-03\n",
      " 1.00646683e-03 2.46449010e-06]\n",
      "-------------------------------------------------------------------\n",
      "Weighted sum of (I - V)^2 eigenvalues: [0.75433321 0.279127   0.05597843 0.04031866 0.0358967  0.03206292\n",
      " 0.0305639  0.0210251  0.01972032 0.01036036]\n",
      "-------------------------------------------------------------------\n",
      "Shape of feature df after post processing: (1000, 3)\n"
     ]
    },
    {
     "data": {
