{
 "cells": [
  {
   "cell_type": "markdown",
   "metadata": {},
   "source": [
    "# **Sanity check**\n",
    "### **05/26/2022**"
   ]
  },
  {
   "cell_type": "code",
   "execution_count": 1,
   "metadata": {},
   "outputs": [],
   "source": [
    "import pandas as pd\n",
    "import numpy as np\n",
    "import re\n",
    "import os\n",
    "import time\n",
    "import matplotlib.pyplot as plt\n",
    "from glob import glob\n",
    "import random\n",
    "import sklearn\n",
    "from sklearn.model_selection import GridSearchCV"
   ]
  },
  {
   "cell_type": "code",
   "execution_count": 2,
   "metadata": {},
   "outputs": [],
   "source": [
    "def mahalanobis_transformation(feature_df, flag = \"Train\"):\n",
    "    # whiten the data\n",
    "    from numpy.linalg import pinv\n",
    "    ones = np.ones((feature_df.shape[0], 1)) # n * 1\n",
    "    if flag == \"Train\":\n",
    "        globals()['feature_mean'] = np.array(feature_df.mean()).reshape(-1, 1).T # 1 * p\n",
    "        feature_centered = feature_df - ones @ feature_mean\n",
    "        # get cov matrix # p * p\n",
    "        cov = feature_centered.T @ feature_centered / feature_df.shape[0]\n",
    "        u, s, vh = np.linalg.svd(cov) # all real numbers\n",
    "        # w, v = np.linalg.eig(cov) # generate complex numbers\n",
    "        # theshold for pinv: 1e-15\n",
    "        s_pinv = pinv(np.diag(s), rcond = 1e-15, hermitian = True)\n",
    "        s_pinv_sqrt = np.array(np.zeros(feature_df.shape[1]))\n",
    "        for i, item in enumerate(np.diag(s_pinv)):\n",
    "            if item > 0:\n",
    "                s_pinv_sqrt[i] = np.sqrt(item)\n",
    "        globals()['sigma_pinv_sqrt'] = u @ np.diag(s_pinv_sqrt) @ u.T\n",
    "        feature_df_whitened = (feature_df - ones @ feature_mean) @ sigma_pinv_sqrt \n",
    "    else:\n",
    "        feature_df_whitened = (feature_df - ones @ globals()['feature_mean']) @ globals()['sigma_pinv_sqrt']\n",
    "    return feature_df_whitened\n",
    "\n",
    "def my_SAVE(feature_df, label_df, flag = \"Train\", n_directions = 977):\n",
    "\n",
    "    def get_cov_mat(feature_df):\n",
    "        from numpy.linalg import pinv\n",
    "        ones = np.ones((feature_df.shape[0], 1)) # n * 1\n",
    "        feature_mean = np.array(feature_df.mean()).reshape(-1, 1).T\n",
    "        feature_centered = feature_df - ones @ feature_mean\n",
    "        # get cov matrix # p * p\n",
    "        cov = feature_centered.T @ feature_centered / feature_centered.shape[0]\n",
    "        return cov\n",
    "    \n",
    "    feature_df = pd.DataFrame(feature_df)\n",
    "    if flag == \"Train\":\n",
    "        # whitening\n",
    "        feature_df_whitened = mahalanobis_transformation(feature_df, flag = \"Train\")\n",
    "        print('-------------------------------------------------------------------')\n",
    "        print(f'Shape of feature df before post processing: {feature_df.shape}')\n",
    "        # get slices\n",
    "        slice_index_dict = {1: [], 2: [], 3: [], 4: [], 5: []}\n",
    "        for i in np.arange(5):\n",
    "            slice_index_dict[i + 1].extend(label_df[label_df[\"label\"] == (i + 1)].index)\n",
    "            globals()[\"feature_df_\" + str(i + 1)] = feature_df_whitened.iloc[slice_index_dict[i + 1],:]\n",
    "            globals()[\"label_df_\" + str(i + 1)] = label_df.loc[slice_index_dict[i + 1], \"label\"]\n",
    "            # get sliced cov matrices\n",
    "            globals()['cov_' + str(i + 1)] = get_cov_mat(globals()[\"feature_df_\" + str(i + 1)])\n",
    "        # concatenate 5 cov matrices, weighted by the proportion of classes\n",
    "        globals()['weight_df'] = label_df[\"label\"].value_counts() / label_df.shape[0]\n",
    "        weighted_cov = pd.DataFrame(\n",
    "            data = np.zeros((cov_1.shape[0], cov_1.shape[0])), \n",
    "            columns = np.arange(feature_df.shape[1], dtype = int), \n",
    "            index = globals()['cov_' + str(1)].index\n",
    "        )\n",
    "        for i in np.arange(5):\n",
    "            print('-------------------------------------------------------------------')\n",
    "            print(f'Class label {str(i + 1)}:')\n",
    "            print('COV Mat:')\n",
    "            print(globals()['cov_' + str(i + 1)])\n",
    "            if feature_df.shape[1] == 2:\n",
    "                u, s, vh = np.linalg.svd(globals()['cov_' + str(i + 1)])\n",
    "                print(f'Eigen values of COV mat: {s}')\n",
    "                print(f'Eigen values ratio of COV mat: {s[0] / s[1]:8.4f}')\n",
    "                print(f'(1 - Eigen values of COV mat) ratio: {(1 - s[0]) / (1 - s[1]):8.4f}')\n",
    "                print(f'(1 - Eigen values of COV mat)^2 ratio: {((1 - s[0]) / (1 - s[1])) ** 2:8.4f}')\n",
    "                u, s, vh = np.linalg.svd(np.eye(cov_1.shape[0]) - globals()[\"cov_\" + str(i + 1)])\n",
    "                print(f'Eigen values of (I - COV mat): {s}')\n",
    "                print(f'Eigen values ratio of (I - COV mat) : {s[0] / s[1]:8.4f}')\n",
    "                print(f'(1 - Eigen values of (I - COV mat)) ratio: {(1 - s[0]) / (1 - s[1]):8.4f}')\n",
    "                print(f'(1 - Eigen values of (I - COV mat))^2 ratio: {((1 - s[0]) / (1 - s[1])) ** 2:8.4f}')\n",
    "\n",
    "            u, s, vh = np.linalg.svd(np.eye(cov_1.shape[0]) - globals()[\"cov_\" + str(i + 1)])\n",
    "            print(f'(I - V) eigenvalues: {s}')\n",
    "            u, s, vh = np.linalg.svd((np.eye(cov_1.shape[0]) - globals()[\"cov_\" + str(i + 1)]) @ (np.eye(cov_1.shape[0]) - globals()[\"cov_\" + str(i + 1)]).T)\n",
    "            print(f'(I - V)^2 eigenvalues: {s}')\n",
    "            weighted_cov += weight_df.loc[i + 1] * (np.eye(cov_1.shape[0]) - globals()[\"cov_\" + str(i + 1)]) @ (np.eye(cov_1.shape[0]) - globals()[\"cov_\" + str(i + 1)]).T\n",
    "        u, s, vh = np.linalg.svd(weighted_cov)\n",
    "        print('-------------------------------------------------------------------')\n",
    "        print(f'Weighted sum of (I - V)^2 eigenvalues: {s}')\n",
    "        print('-------------------------------------------------------------------')\n",
    "        globals()['directions'] = vh[:,:n_directions]\n",
    "        feature_df_reduced = feature_df_whitened @ directions\n",
    "        print(f'Shape of feature df after post processing: {feature_df_reduced.shape}')  \n",
    "    elif flag == \"Test\":\n",
    "        feature_df_whitened = mahalanobis_transformation(feature_df, flag = \"Test\")\n",
    "        feature_df_reduced = feature_df_whitened @ globals()['directions']\n",
    "    return feature_df_reduced, feature_df_whitened\n",
    "\n",
    "def post_process(\n",
    "    feature_df, \n",
    "    label_df, \n",
    "    flag = \"Train\", \n",
    "    method = None, \n",
    "    add_predictors = False, \n",
    "    n_directions = 977\n",
    "):\n",
    "    '''\n",
    "    Implement sufficient dimension reduction methods. \n",
    "    SAVE\n",
    "    Contour regression\n",
    "    '''\n",
    "    %xmode plain\n",
    "    import pandas as pd\n",
    "    import re\n",
    "    import os\n",
    "    import numpy as np\n",
    "    from sklearn.decomposition import PCA\n",
    "    from sklearn.preprocessing import StandardScaler\n",
    "\n",
    "    if method:\n",
    "        feature_df_reduced, feature_df_whitened = method(\n",
    "            feature_df = feature_df, \n",
    "            label_df = label_df, \n",
    "            flag = flag,\n",
    "            n_directions = n_directions\n",
    "        )\n",
    "        feature_df_reduced = pd.DataFrame(feature_df_reduced)\n",
    "        return feature_df_reduced, feature_df_whitened\n",
    "    else:\n",
    "        print(\"No method specified\")\n",
    "        pass\n"
   ]
  },
  {
   "cell_type": "code",
   "execution_count": 4,
   "metadata": {},
   "outputs": [],
   "source": [
    "def sanity_check(size = 1000, core_dirs = 1, feature_df_flag = False, feature_df = None, core_distribution = np.random.uniform, redundant_dirs = 1, n_directions = 1, fig_output = True, **kwargs):\n",
    "    if feature_df_flag == False:\n",
    "        core_feature_df = pd.DataFrame(data = None)\n",
    "        for i in np.arange(core_dirs):\n",
    "            core_feature_df = pd.concat(\n",
    "                [\n",
    "                    core_feature_df, \n",
    "                    pd.Series(core_distribution(size = size, **kwargs) * 5)\n",
    "                ], \n",
    "                axis = 1\n",
    "            )\n",
    "        core_coef = np.random.random(size = core_dirs) * 0.1\n",
    "        y_train = np.sin(0.2 * np.asarray(core_feature_df) @ core_coef) * 5 + np.random.random(size = size)   \n",
    "        y_train_discrete = pd.cut(y_train, bins = 5, labels=np.arange(5) + 1).astype(int)\n",
    "        redundant_feature_df = pd.DataFrame(data = None)\n",
    "        for i in np.arange(redundant_dirs):\n",
    "            redundant_feature_df = pd.concat(\n",
    "                [\n",
    "                    redundant_feature_df, \n",
    "                    pd.Series(core_distribution(size = size, **kwargs) * (np.random.randint(10) + 5))\n",
    "                ], \n",
    "                axis = 1\n",
    "            )\n",
    "\n",
    "    if feature_df_flag == False:\n",
    "        syncthetic_feature_df_train = pd.concat([core_feature_df, redundant_feature_df], axis = 1)\n",
    "    else:\n",
    "        syncthetic_feature_df_train = feature_df\n",
    "    syncthetic_label_df_train = pd.DataFrame(y_train_discrete, columns = [\"label\"])\n",
    "\n",
    "    feature_df_reduced, feature_df_whitened = post_process(\n",
    "        feature_df = syncthetic_feature_df_train, \n",
    "        label_df = syncthetic_label_df_train, \n",
    "        flag = \"Train\", \n",
    "        method = my_SAVE, \n",
    "        n_directions = n_directions\n",
    "    )\n",
    "    if fig_output:\n",
    "        fig = plt.figure(figsize = (4,4), dpi = 270)\n",
    "        ax = fig.add_subplot(projection = '3d')\n",
    "        ax.scatter(\n",
    "            feature_df_whitened.iloc[:,0], \n",
    "            feature_df_whitened.iloc[:,1], \n",
    "            y_train_discrete.reshape(-1, 1), \n",
    "            cmap = \"inferno\", \n",
    "            s = 4, \n",
    "            linewidths = 0, \n",
    "            edgecolors = None, \n",
    "            c = y_train_discrete.reshape(-1, 1))\n",
    "        ax.set_xlabel(\"core_x1\")\n",
    "        ax.set_ylabel(\"redundant_x1\")\n",
    "        ax.set_zlabel(\"y\")\n",
    "        ax.set_title(\"Core features: \" + str(core_dirs) + \" Redundant features: \" + str(redundant_dirs))\n",
    "        plt.show()\n",
    "        plt.figure(figsize = (4, 3), dpi = 270)\n",
    "        plt.scatter(core_feature_df.iloc[:,0], y_train_discrete, cmap = \"inferno\", c = y_train_discrete.reshape(-1, 1))\n",
    "        plt.xlabel(\"core_x1\")\n",
    "        plt.ylabel(\"y\")\n",
    "        plt.title(\"Sectional View\")\n",
    "        plt.show()\n",
    "    print('-------------------------------------------------------------------')\n",
    "    print(f'Directions: \\n{directions}')\n",
    "    return feature_df_reduced, feature_df_whitened, syncthetic_label_df_train\n"
   ]
  },
  {
   "cell_type": "code",
   "execution_count": 5,
   "metadata": {},
   "outputs": [
    {
     "name": "stdout",
     "output_type": "stream",
     "text": [
      "Exception reporting mode: Plain\n",
      "-------------------------------------------------------------------\n",
      "Shape of feature df before post processing: (1000, 10)\n",
      "-------------------------------------------------------------------\n",
      "Class label 1:\n",
      "COV Mat:\n",
      "          0         1         2         3         4         5         6  \\\n",
      "0  0.964609  0.003997  0.027428  0.049851 -0.069378 -0.061806  0.049610   \n",
      "1  0.003997  1.071824 -0.060375  0.041170  0.011160  0.126699  0.009781   \n",
      "2  0.027428 -0.060375  0.973054  0.068754 -0.045098 -0.048605  0.002355   \n",
      "3  0.049851  0.041170  0.068754  1.006332 -0.058440 -0.081105  0.040805   \n",
      "4 -0.069378  0.011160 -0.045098 -0.058440  0.962497 -0.123159 -0.014292   \n",
      "5 -0.061806  0.126699 -0.048605 -0.081105 -0.123159  0.952152 -0.087075   \n",
      "6  0.049610  0.009781  0.002355  0.040805 -0.014292 -0.087075  1.037081   \n",
      "7  0.029068  0.017669  0.069829  0.043805  0.012590  0.088824  0.002191   \n",
      "8  0.026765  0.035725  0.010433 -0.039732 -0.050987  0.002623 -0.076571   \n",
      "9 -0.049590 -0.033837 -0.012370  0.016832  0.078194 -0.191930  0.001638   \n",
      "\n",
      "          7         8         9  \n",
      "0  0.029068  0.026765 -0.049590  \n",
      "1  0.017669  0.035725 -0.033837  \n",
      "2  0.069829  0.010433 -0.012370  \n",
      "3  0.043805 -0.039732  0.016832  \n",
      "4  0.012590 -0.050987  0.078194  \n",
      "5  0.088824  0.002623 -0.191930  \n",
      "6  0.002191 -0.076571  0.001638  \n",
      "7  0.954469  0.025538 -0.041085  \n",
      "8  0.025538  1.038665 -0.052711  \n",
      "9 -0.041085 -0.052711  0.954979  \n",
      "(I - V) eigenvalues: [0.34560924 0.32942872 0.19530862 0.16465211 0.13691785 0.113947\n",
      " 0.09735882 0.04023618 0.03725532 0.01853497]\n",
      "(I - V)^2 eigenvalues: [0.11944574 0.10852328 0.03814546 0.02711032 0.0187465  0.01298392\n",
      " 0.00947874 0.00161895 0.00138796 0.00034355]\n",
      "-------------------------------------------------------------------\n",
      "Class label 2:\n",
      "COV Mat:\n",
      "          0         1         2         3         4         5         6  \\\n",
      "0  0.992202 -0.048506  0.009546  0.056760  0.092905  0.110107 -0.106191   \n",
      "1 -0.048506  1.001434  0.035734 -0.080100  0.000929 -0.130952 -0.029859   \n",
      "2  0.009546  0.035734  0.950137  0.116287 -0.190133 -0.032148 -0.055162   \n",
      "3  0.056760 -0.080100  0.116287  0.956530 -0.004455  0.030297 -0.010589   \n",
      "4  0.092905  0.000929 -0.190133 -0.004455  1.074626 -0.004189 -0.018621   \n",
      "5  0.110107 -0.130952 -0.032148  0.030297 -0.004189  0.939668 -0.131465   \n",
      "6 -0.106191 -0.029859 -0.055162 -0.010589 -0.018621 -0.131465  0.907190   \n",
      "7  0.083195 -0.031795  0.079557 -0.028346 -0.018785 -0.230700  0.015370   \n",
      "8  0.004803 -0.065601 -0.077556 -0.011094 -0.026813  0.037860  0.092786   \n",
      "9 -0.010437 -0.062796  0.102074 -0.018684 -0.017605  0.055483  0.058601   \n",
      "\n",
      "          7         8         9  \n",
      "0  0.083195  0.004803 -0.010437  \n",
      "1 -0.031795 -0.065601 -0.062796  \n",
      "2  0.079557 -0.077556  0.102074  \n",
      "3 -0.028346 -0.011094 -0.018684  \n",
      "4 -0.018785 -0.026813 -0.017605  \n",
      "5 -0.230700  0.037860  0.055483  \n",
      "6  0.015370  0.092786  0.058601  \n",
      "7  1.120093 -0.027878  0.014670  \n",
      "8 -0.027878  0.898407  0.080040  \n",
      "9  0.014670  0.080040  1.063375  \n",
      "(I - V) eigenvalues: [0.35300259 0.35140614 0.31104799 0.2616885  0.24359361 0.20432199\n",
      " 0.16479326 0.13127674 0.04734633 0.00452756]\n",
      "(I - V)^2 eigenvalues: [1.24610827e-01 1.23486279e-01 9.67508520e-02 6.84808736e-02\n",
      " 5.93378485e-02 4.17474743e-02 2.71568193e-02 1.72335833e-02\n",
      " 2.24167475e-03 2.04987738e-05]\n",
      "-------------------------------------------------------------------\n",
      "Class label 3:\n",
      "COV Mat:\n",
      "          0         1         2         3         4         5         6  \\\n",
      "0  1.079199  0.076754  0.024353 -0.010859  0.042424  0.049423 -0.000502   \n",
      "1  0.076754  0.930255  0.057552 -0.056167  0.043686 -0.041686  0.005344   \n",
      "2  0.024353  0.057552  1.168059 -0.067125 -0.074982  0.067447  0.012534   \n",
      "3 -0.010859 -0.056167 -0.067125  1.053057  0.206731  0.153207  0.019730   \n",
      "4  0.042424  0.043686 -0.074982  0.206731  1.046163 -0.040404  0.064023   \n",
      "5  0.049423 -0.041686  0.067447  0.153207 -0.040404  1.168050  0.050039   \n",
      "6 -0.000502  0.005344  0.012534  0.019730  0.064023  0.050039  1.038277   \n",
      "7  0.017764 -0.056348 -0.131707  0.034734 -0.000248  0.138185  0.043388   \n",
      "8 -0.182470 -0.038571 -0.117926  0.098901  0.044104 -0.066453 -0.022517   \n",
      "9  0.053943  0.082751  0.044902 -0.037463 -0.049198  0.165815 -0.122500   \n",
      "\n",
      "          7         8         9  \n",
      "0  0.017764 -0.182470  0.053943  \n",
      "1 -0.056348 -0.038571  0.082751  \n",
      "2 -0.131707 -0.117926  0.044902  \n",
      "3  0.034734  0.098901 -0.037463  \n",
      "4 -0.000248  0.044104 -0.049198  \n",
      "5  0.138185 -0.066453  0.165815  \n",
      "6  0.043388 -0.022517 -0.122500  \n",
      "7  0.984033 -0.046236 -0.001162  \n",
      "8 -0.046236  0.977094  0.011037  \n",
      "9 -0.001162  0.011037  1.093109  \n",
      "(I - V) eigenvalues: [0.45909511 0.40016278 0.26565308 0.22456156 0.21670476 0.18996955\n",
      " 0.15237162 0.14980579 0.14329312 0.03307925]\n",
      "(I - V)^2 eigenvalues: [0.21076832 0.16013025 0.07057156 0.05042789 0.04696095 0.03608843\n",
      " 0.02321711 0.02244177 0.02053292 0.00109424]\n",
      "-------------------------------------------------------------------\n",
      "Class label 4:\n",
      "COV Mat:\n",
      "          0         1         2         3         4         5         6  \\\n",
      "0  0.975158  0.034094  0.034186  0.041953 -0.100561 -0.018074  0.044162   \n",
      "1  0.034094  1.014436  0.021425  0.064093 -0.006964 -0.005736 -0.007075   \n",
      "2  0.034186  0.021425  0.889226 -0.079886  0.070357 -0.029600 -0.020179   \n",
      "3  0.041953  0.064093 -0.079886  0.970718 -0.006302  0.011063 -0.031693   \n",
      "4 -0.100561 -0.006964  0.070357 -0.006302  1.005212  0.105997 -0.025604   \n",
      "5 -0.018074 -0.005736 -0.029600  0.011063  0.105997  1.039993  0.164167   \n",
      "6  0.044162 -0.007075 -0.020179 -0.031693 -0.025604  0.164167  1.071734   \n",
      "7 -0.134916  0.031480 -0.055043  0.008433  0.032106  0.022222  0.010184   \n",
      "8 -0.092367  0.069321  0.025710  0.004575 -0.033400  0.068526 -0.010105   \n",
      "9  0.061857 -0.040007 -0.059461  0.060369  0.040671  0.112143  0.029342   \n",
      "\n",
      "          7         8         9  \n",
      "0 -0.134916 -0.092367  0.061857  \n",
      "1  0.031480  0.069321 -0.040007  \n",
      "2 -0.055043  0.025710 -0.059461  \n",
      "3  0.008433  0.004575  0.060369  \n",
      "4  0.032106 -0.033400  0.040671  \n",
      "5  0.022222  0.068526  0.112143  \n",
      "6  0.010184 -0.010105  0.029342  \n",
      "7  1.093172  0.048005 -0.025362  \n",
      "8  0.048005  0.964844  0.073586  \n",
      "9 -0.025362  0.073586  0.995265  \n",
      "(I - V) eigenvalues: [0.30500512 0.28958779 0.24250738 0.18604949 0.17855451 0.12396952\n",
      " 0.11194391 0.07809566 0.04314034 0.00682474]\n",
      "(I - V)^2 eigenvalues: [9.30281229e-02 8.38610896e-02 5.88098306e-02 3.46144135e-02\n",
      " 3.18817113e-02 1.53684425e-02 1.25314396e-02 6.09893223e-03\n",
      " 1.86108917e-03 4.65770659e-05]\n",
      "-------------------------------------------------------------------\n",
      "Class label 5:\n",
      "COV Mat:\n",
      "          0         1         2         3         4         5         6  \\\n",
      "0  1.006730 -0.045647 -0.062922 -0.097898  0.054201 -0.016241 -0.013169   \n",
      "1 -0.045647  0.944430  0.004792  0.005409 -0.031079 -0.035772  0.015658   \n",
      "2 -0.062922  0.004792  1.017613 -0.052250  0.150232  0.047880  0.024567   \n",
      "3 -0.097898  0.005409 -0.052250  0.993189 -0.055779 -0.017573 -0.032008   \n",
      "4  0.054201 -0.031079  0.150232 -0.055779  0.956069  0.091370  0.005396   \n",
      "5 -0.016241 -0.035772  0.047880 -0.017573  0.091370  0.951819  0.034527   \n",
      "6 -0.013169  0.015658  0.024567 -0.032008  0.005396  0.034527  0.939645   \n",
      "7 -0.003523  0.013521 -0.008123 -0.057603 -0.030998 -0.050572 -0.042152   \n",
      "8  0.130889 -0.022193  0.080494 -0.003287  0.070846 -0.038237  0.041689   \n",
      "9 -0.014303  0.041878 -0.029189 -0.019341 -0.066892  0.001904  0.022319   \n",
      "\n",
      "          7         8         9  \n",
      "0 -0.003523  0.130889 -0.014303  \n",
      "1  0.013521 -0.022193  0.041878  \n",
      "2 -0.008123  0.080494 -0.029189  \n",
      "3 -0.057603 -0.003287 -0.019341  \n",
      "4 -0.030998  0.070846 -0.066892  \n",
      "5 -0.050572 -0.038237  0.001904  \n",
      "6 -0.042152  0.041689  0.022319  \n",
      "7  0.923639 -0.005783  0.050147  \n",
      "8 -0.005783  1.034431 -0.039522  \n",
      "9  0.050147 -0.039522  0.958862  \n",
      "(I - V) eigenvalues: [0.298325   0.23370555 0.19918926 0.16093169 0.14784919 0.10465521\n",
      " 0.08969941 0.06186022 0.02149029 0.0149169 ]\n",
      "(I - V)^2 eigenvalues: [0.0889978  0.05461828 0.03967636 0.02589901 0.02185938 0.01095271\n",
      " 0.00804598 0.00382669 0.00046183 0.00022251]\n",
      "-------------------------------------------------------------------\n",
      "Weighted sum of (I - V)^2 eigenvalues: [0.0844755  0.06363759 0.05581241 0.05000275 0.03866209 0.03016744\n",
      " 0.02471178 0.02109451 0.01506207 0.01100413]\n",
      "-------------------------------------------------------------------\n",
      "Shape of feature df after post processing: (1000, 3)\n"
     ]
    },
    {
     "data": {
