{
 "cells": [
  {
   "cell_type": "markdown",
   "metadata": {},
   "source": [
    "# **Sanity check**\n",
    "### **05/26/2022**"
   ]
  },
  {
   "cell_type": "code",
   "execution_count": 1,
   "metadata": {},
   "outputs": [],
   "source": [
    "import pandas as pd\n",
    "import numpy as np\n",
    "import re\n",
    "import os\n",
    "import time\n",
    "import matplotlib.pyplot as plt\n",
    "from glob import glob\n",
    "import random\n",
    "import sklearn\n",
    "from sklearn.model_selection import GridSearchCV"
   ]
  },
  {
   "cell_type": "code",
   "execution_count": 2,
   "metadata": {},
   "outputs": [],
   "source": [
    "def mahalanobis_transformation(feature_df, flag = \"Train\"):\n",
    "    # whiten the data\n",
    "    from numpy.linalg import pinv\n",
    "    ones = np.ones((feature_df.shape[0], 1)) # n * 1\n",
    "    if flag == \"Train\":\n",
    "        globals()['feature_mean'] = np.array(feature_df.mean()).reshape(-1, 1).T # 1 * p\n",
    "        feature_centered = feature_df - ones @ feature_mean\n",
    "        # get cov matrix # p * p\n",
    "        cov = feature_centered.T @ feature_centered / feature_df.shape[0]\n",
    "        u, s, vh = np.linalg.svd(cov) # all real numbers\n",
    "        # w, v = np.linalg.eig(cov) # generate complex numbers\n",
    "        # theshold for pinv: 1e-15\n",
    "        s_pinv = pinv(np.diag(s), rcond = 1e-15, hermitian = True)\n",
    "        s_pinv_sqrt = np.array(np.zeros(feature_df.shape[1]))\n",
    "        for i, item in enumerate(np.diag(s_pinv)):\n",
    "            if item > 0:\n",
    "                s_pinv_sqrt[i] = np.sqrt(item)\n",
    "        globals()['sigma_pinv_sqrt'] = u @ np.diag(s_pinv_sqrt) @ u.T\n",
    "        feature_df_whitened = (feature_df - ones @ feature_mean) @ sigma_pinv_sqrt \n",
    "    else:\n",
    "        feature_df_whitened = (feature_df - ones @ globals()['feature_mean']) @ globals()['sigma_pinv_sqrt']\n",
    "    return feature_df_whitened\n",
    "\n",
    "def my_SAVE(feature_df, label_df, flag = \"Train\", n_directions = 977):\n",
    "\n",
    "    def get_cov_mat(feature_df):\n",
    "        from numpy.linalg import pinv\n",
    "        ones = np.ones((feature_df.shape[0], 1)) # n * 1\n",
    "        feature_mean = np.array(feature_df.mean()).reshape(-1, 1).T\n",
    "        feature_centered = feature_df - ones @ feature_mean\n",
    "        # get cov matrix # p * p\n",
    "        cov = feature_centered.T @ feature_centered / feature_centered.shape[0]\n",
    "        return cov\n",
    "    \n",
    "    feature_df = pd.DataFrame(feature_df)\n",
    "    if flag == \"Train\":\n",
    "        # whitening\n",
    "        feature_df_whitened = mahalanobis_transformation(feature_df, flag = \"Train\")\n",
    "        print('-------------------------------------------------------------------')\n",
    "        print(f'Shape of feature df before post processing: {feature_df.shape}')\n",
    "        # get slices\n",
    "        slice_index_dict = {1: [], 2: [], 3: [], 4: [], 5: []}\n",
    "        for i in np.arange(5):\n",
    "            slice_index_dict[i + 1].extend(label_df[label_df[\"label\"] == (i + 1)].index)\n",
    "            globals()[\"feature_df_\" + str(i + 1)] = feature_df_whitened.loc[slice_index_dict[i + 1],:]\n",
    "            globals()[\"label_df_\" + str(i + 1)] = label_df.loc[slice_index_dict[i + 1], \"label\"]\n",
    "            # get sliced cov matrices\n",
    "            globals()['cov_' + str(i + 1)] = get_cov_mat(globals()[\"feature_df_\" + str(i + 1)])\n",
    "        # concatenate 5 cov matrices, weighted by the proportion of classes\n",
    "        globals()['weight_df'] = label_df[\"label\"].value_counts() / label_df.shape[0]\n",
    "        weighted_cov = pd.DataFrame(\n",
    "            data = np.zeros((cov_1.shape[0], cov_1.shape[0])), \n",
    "            columns = np.arange(feature_df.shape[1], dtype = int), \n",
    "            index = globals()['cov_' + str(1)].index\n",
    "        )\n",
    "        for i in np.arange(5):\n",
    "            print('-------------------------------------------------------------------')\n",
    "            print(f'Class label {str(i + 1)}:')\n",
    "            print('COV Mat:')\n",
    "            print(globals()['cov_' + str(i + 1)])\n",
    "            if feature_df.shape[1] == 2:\n",
    "                u, s, vh = np.linalg.svd(globals()['cov_' + str(i + 1)])\n",
    "                print(f'Eigen values of COV mat: {s}')\n",
    "                print(f'Eigen values ratio of COV mat: {s[0] / s[1]:8.4f}')\n",
    "                print(f'(1 - Eigen values of COV mat) ratio: {(1 - s[0]) / (1 - s[1]):8.4f}')\n",
    "                print(f'(1 - Eigen values of COV mat)^2 ratio: {((1 - s[0]) / (1 - s[1])) ** 2:8.4f}')\n",
    "                u, s, vh = np.linalg.svd(np.eye(cov_1.shape[0]) - globals()[\"cov_\" + str(i + 1)])\n",
    "                print(f'Eigen values of (I - COV mat): {s}')\n",
    "                print(f'Eigen values ratio of (I - COV mat) : {s[0] / s[1]:8.4f}')\n",
    "                print(f'(1 - Eigen values of (I - COV mat)) ratio: {(1 - s[0]) / (1 - s[1]):8.4f}')\n",
    "                print(f'(1 - Eigen values of (I - COV mat))^2 ratio: {((1 - s[0]) / (1 - s[1])) ** 2:8.4f}')\n",
    "\n",
    "            u, s, vh = np.linalg.svd(np.eye(cov_1.shape[0]) - globals()[\"cov_\" + str(i + 1)])\n",
    "            print(f'(I - V) eigenvalues: {s}')\n",
    "            u, s, vh = np.linalg.svd((np.eye(cov_1.shape[0]) - globals()[\"cov_\" + str(i + 1)]) @ (np.eye(cov_1.shape[0]) - globals()[\"cov_\" + str(i + 1)]).T)\n",
    "            print(f'(I - V)^2 eigenvalues: {s}')\n",
    "            weighted_cov += weight_df.loc[i + 1] * (np.eye(cov_1.shape[0]) - globals()[\"cov_\" + str(i + 1)]) @ (np.eye(cov_1.shape[0]) - globals()[\"cov_\" + str(i + 1)]).T\n",
    "        u, s, vh = np.linalg.svd(weighted_cov)\n",
    "        print('-------------------------------------------------------------------')\n",
    "        print(f'Weighted sum of (I - V)^2 eigenvalues: {s}')\n",
    "        print('-------------------------------------------------------------------')\n",
    "        globals()['directions'] = vh[:,:n_directions]\n",
    "        feature_df_reduced = feature_df_whitened @ directions\n",
    "        print(f'Shape of feature df after post processing: {feature_df_reduced.shape}')  \n",
    "    elif flag == \"Test\":\n",
    "        feature_df_whitened = mahalanobis_transformation(feature_df, flag = \"Test\")\n",
    "        feature_df_reduced = feature_df_whitened @ globals()['directions']\n",
    "    return feature_df_reduced, feature_df_whitened\n",
    "\n",
    "def sliced_SAVE(feature_df, label_df, flag = \"Train\", n_directions = 977):\n",
    "    from sliced import SlicedAverageVarianceEstimation\n",
    "    feature_df = pd.DataFrame(feature_df)\n",
    "    if flag == \"Train\":\n",
    "        # whitening\n",
    "        feature_df_whitened = mahalanobis_transformation(feature_df, flag = \"Train\")\n",
    "        print('-------------------------------------------------------------------')\n",
    "        print(f'Shape of feature df before post processing: {feature_df.shape}')\n",
    "        globals()['save'] = SlicedAverageVarianceEstimation(n_directions = n_directions, n_slices = 5)\n",
    "        globals()['save'].fit(feature_df, label_df)\n",
    "        globals()['directions'] = globals()['save'].directions_\n",
    "        feature_df_reduced = globals()['save'].transform(feature_df_whitened)\n",
    "        print('-------------------------------------------------------------------')\n",
    "        print(f'Shape of feature df after post processing: {feature_df_reduced.shape}')  \n",
    "    else:\n",
    "        feature_df_whitened = mahalanobis_transformation(feature_df, flag = \"Test\")\n",
    "        feature_df_reduced = globals()['save'].transform(feature_df_whitened)\n",
    "        return feature_df_reduced, feature_df_whitened\n",
    "\n",
    "def post_process(\n",
    "    feature_df, \n",
    "    label_df, \n",
    "    flag = \"Train\", \n",
    "    method = None, \n",
    "    add_predictors = False, \n",
    "    n_directions = 977\n",
    "):\n",
    "    '''\n",
    "    Implement sufficient dimension reduction methods. \n",
    "    SAVE\n",
    "    Contour regression\n",
    "    '''\n",
    "    %xmode plain\n",
    "    import pandas as pd\n",
    "    import re\n",
    "    import os\n",
    "    import numpy as np\n",
    "    from sklearn.decomposition import PCA\n",
    "    from sklearn.preprocessing import StandardScaler\n",
    "\n",
    "    if method:\n",
    "        feature_df_reduced, feature_df_whitened = method(\n",
    "            feature_df = feature_df, \n",
    "            label_df = label_df, \n",
    "            flag = flag,\n",
    "            n_directions = n_directions\n",
    "        )\n",
    "        feature_df_reduced = pd.DataFrame(feature_df_reduced)\n",
    "        return feature_df_reduced, feature_df_whitened\n",
    "    else:\n",
    "        print(\"No method specified\")\n",
    "        pass\n"
   ]
  },
  {
   "cell_type": "code",
   "execution_count": 3,
   "metadata": {},
   "outputs": [],
   "source": [
    "def sanity_check(size = 1000, core_dirs = 1, feature_df_flag = False, feature_df = None, core_distribution = np.random.uniform, redundant_dirs = 1, n_directions = 1, fig_output = True, **kwargs):\n",
    "    if feature_df_flag == False:\n",
    "        core_feature_df = pd.DataFrame(data = None)\n",
    "        for i in np.arange(core_dirs):\n",
    "            core_feature_df = pd.concat(\n",
    "                [\n",
    "                    core_feature_df, \n",
    "                    pd.Series(core_distribution(size = size, **kwargs) * 5)\n",
    "                ], \n",
    "                axis = 1\n",
    "            )\n",
    "        core_coef = np.random.random(size = core_dirs) * 0.1\n",
    "        y_train = np.sin(0.2 * np.asarray(core_feature_df) @ core_coef) * 5 + np.random.random(size = size)   \n",
    "        y_train_discrete = pd.cut(y_train, bins = 5, labels=np.arange(5) + 1).astype(int)\n",
    "        redundant_feature_df = pd.DataFrame(data = None)\n",
    "        for i in np.arange(redundant_dirs):\n",
    "            redundant_feature_df = pd.concat(\n",
    "                [\n",
    "                    redundant_feature_df, \n",
    "                    pd.Series(core_distribution(size = size, **kwargs) * (np.random.randint(10) + 5))\n",
    "                ], \n",
    "                axis = 1\n",
    "            )\n",
    "\n",
    "    if feature_df_flag == False:\n",
    "        syncthetic_feature_df_train = pd.concat([core_feature_df, redundant_feature_df], axis = 1)\n",
    "    else:\n",
    "        syncthetic_feature_df_train = feature_df\n",
    "    syncthetic_label_df_train = pd.DataFrame(y_train_discrete, columns = [\"label\"])\n",
    "\n",
    "    feature_df_reduced, feature_df_whitened = post_process(\n",
    "        feature_df = syncthetic_feature_df_train, \n",
    "        label_df = syncthetic_label_df_train, \n",
    "        flag = \"Train\", \n",
    "        method = my_SAVE, \n",
    "        n_directions = n_directions\n",
    "    )\n",
    "    if fig_output:\n",
    "        fig = plt.figure(figsize = (4,4), dpi = 270)\n",
    "        ax = fig.add_subplot(projection = '3d')\n",
    "        ax.scatter(\n",
    "            feature_df_whitened.iloc[:,0], \n",
    "            feature_df_whitened.iloc[:,1], \n",
    "            y_train_discrete.reshape(-1, 1), \n",
    "            cmap = \"inferno\", \n",
    "            s = 4, \n",
    "            linewidths = 0, \n",
    "            edgecolors = None, \n",
    "            c = y_train_discrete.reshape(-1, 1))\n",
    "        ax.set_xlabel(\"core_x1\")\n",
    "        ax.set_ylabel(\"redundant_x1\")\n",
    "        ax.set_zlabel(\"y\")\n",
    "        ax.set_title(\"Core features: \" + str(core_dirs) + \" Redundant features: \" + str(redundant_dirs))\n",
    "        plt.show()\n",
    "        plt.figure(figsize = (4, 3), dpi = 270)\n",
    "        plt.scatter(core_feature_df.iloc[:,0], y_train_discrete, cmap = \"inferno\", c = y_train_discrete.reshape(-1, 1))\n",
    "        plt.xlabel(\"core_x1\")\n",
    "        plt.ylabel(\"y\")\n",
    "        plt.title(\"Sectional View\")\n",
    "        plt.show()\n",
    "    print('-------------------------------------------------------------------')\n",
    "    print(f'Directions: \\n{directions}')\n",
    "    return feature_df_reduced, feature_df_whitened, syncthetic_label_df_train\n"
   ]
  },
  {
   "cell_type": "code",
   "execution_count": 4,
   "metadata": {},
   "outputs": [
    {
     "name": "stdout",
     "output_type": "stream",
     "text": [
      "Exception reporting mode: Plain\n",
      "-------------------------------------------------------------------\n",
      "Shape of feature df before post processing: (1000, 10)\n",
      "-------------------------------------------------------------------\n",
      "Class label 1:\n",
      "COV Mat:\n",
      "          0         1         2         3         4         5         6  \\\n",
      "0  0.955166  0.122409  0.198094 -0.038864  0.043254  0.085832  0.049080   \n",
      "1  0.122409  0.901998 -0.023516  0.042870 -0.137573  0.047346  0.054833   \n",
      "2  0.198094 -0.023516  0.972209  0.018354  0.056518 -0.037886  0.032982   \n",
      "3 -0.038864  0.042870  0.018354  1.003328  0.001544  0.066431 -0.095349   \n",
      "4  0.043254 -0.137573  0.056518  0.001544  0.953590  0.012550 -0.002592   \n",
      "5  0.085832  0.047346 -0.037886  0.066431  0.012550  0.981567  0.075452   \n",
      "6  0.049080  0.054833  0.032982 -0.095349 -0.002592  0.075452  1.071330   \n",
      "7 -0.002923 -0.017137  0.013497  0.057478  0.027543 -0.005875  0.124760   \n",
      "8  0.100892 -0.039069  0.003583 -0.054123  0.029768 -0.039183  0.032069   \n",
      "9  0.036650  0.090434 -0.114340 -0.042787 -0.095575 -0.097873  0.031074   \n",
      "\n",
      "          7         8         9  \n",
      "0 -0.002923  0.100892  0.036650  \n",
      "1 -0.017137 -0.039069  0.090434  \n",
      "2  0.013497  0.003583 -0.114340  \n",
      "3  0.057478 -0.054123 -0.042787  \n",
      "4  0.027543  0.029768 -0.095575  \n",
      "5 -0.005875 -0.039183 -0.097873  \n",
      "6  0.124760  0.032069  0.031074  \n",
      "7  1.047832  0.005804 -0.022931  \n",
      "8  0.005804  1.011290  0.027678  \n",
      "9 -0.022931  0.027678  1.015292  \n",
      "(I - V) eigenvalues: [0.36967398 0.2894669  0.24582713 0.24486063 0.17230433 0.15872935\n",
      " 0.13091054 0.12090014 0.02658269 0.02298878]\n",
      "(I - V)^2 eigenvalues: [0.13665885 0.08379109 0.06043098 0.05995673 0.02968878 0.02519501\n",
      " 0.01713757 0.01461684 0.00070664 0.00052848]\n",
      "-------------------------------------------------------------------\n",
      "Class label 2:\n",
      "COV Mat:\n",
      "          0         1         2         3         4         5         6  \\\n",
      "0  0.975918 -0.081894  0.185462  0.024198  0.038700 -0.037796 -0.080632   \n",
      "1 -0.081894  1.001723  0.104650 -0.177348  0.034983 -0.030014 -0.052522   \n",
      "2  0.185462  0.104650  0.927645 -0.066825 -0.040109  0.067352 -0.063995   \n",
      "3  0.024198 -0.177348 -0.066825  1.054878  0.037897 -0.088776  0.087594   \n",
      "4  0.038700  0.034983 -0.040109  0.037897  1.094065 -0.005109 -0.011933   \n",
      "5 -0.037796 -0.030014  0.067352 -0.088776 -0.005109  1.130075  0.009782   \n",
      "6 -0.080632 -0.052522 -0.063995  0.087594 -0.011933  0.009782  0.905625   \n",
      "7 -0.154194 -0.050718 -0.014687 -0.088188  0.033383 -0.056102  0.027820   \n",
      "8 -0.007382  0.019962  0.025254  0.057696  0.024881 -0.005441 -0.031242   \n",
      "9 -0.032604 -0.050748  0.121336 -0.109646  0.007886  0.009835 -0.106342   \n",
      "\n",
      "          7         8         9  \n",
      "0 -0.154194 -0.007382 -0.032604  \n",
      "1 -0.050718  0.019962 -0.050748  \n",
      "2 -0.014687  0.025254  0.121336  \n",
      "3 -0.088188  0.057696 -0.109646  \n",
      "4  0.033383  0.024881  0.007886  \n",
      "5 -0.056102 -0.005441  0.009835  \n",
      "6  0.027820 -0.031242 -0.106342  \n",
      "7  1.010586  0.033136 -0.102490  \n",
      "8  0.033136  0.907295  0.012518  \n",
      "9 -0.102490  0.012518  0.927514  \n",
      "(I - V) eigenvalues: [0.45093752 0.36234685 0.25292019 0.23087583 0.16358397 0.15292832\n",
      " 0.09943534 0.05893461 0.02885712 0.00088208]\n",
      "(I - V)^2 eigenvalues: [2.03344649e-01 1.31295243e-01 6.39686225e-02 5.33036474e-02\n",
      " 2.67597164e-02 2.33870704e-02 9.88738681e-03 3.47328863e-03\n",
      " 8.32733573e-04 7.78067213e-07]\n",
      "-------------------------------------------------------------------\n",
      "Class label 3:\n",
      "COV Mat:\n",
      "          0         1         2         3         4         5         6  \\\n",
      "0  0.924279  0.068568  0.102786  0.003344 -0.002098  0.094993  0.089157   \n",
      "1  0.068568  0.967869  0.129964 -0.104538  0.004468 -0.043984 -0.078148   \n",
      "2  0.102786  0.129964  1.052175 -0.052168  0.073575 -0.039274  0.004116   \n",
      "3  0.003344 -0.104538 -0.052168  0.961547 -0.059570 -0.058589  0.009456   \n",
      "4 -0.002098  0.004468  0.073575 -0.059570  0.926862 -0.005058  0.112633   \n",
      "5  0.094993 -0.043984 -0.039274 -0.058589 -0.005058  0.922563 -0.128812   \n",
      "6  0.089157 -0.078148  0.004116  0.009456  0.112633 -0.128812  0.932887   \n",
      "7 -0.099630 -0.001603  0.088940  0.061121 -0.008477 -0.018809 -0.003676   \n",
      "8  0.135170 -0.051154 -0.065605  0.005029 -0.005775  0.137267 -0.024613   \n",
      "9  0.003488  0.138712  0.031892  0.123889  0.121718 -0.112171  0.018341   \n",
      "\n",
      "          7         8         9  \n",
      "0 -0.099630  0.135170  0.003488  \n",
      "1 -0.001603 -0.051154  0.138712  \n",
      "2  0.088940 -0.065605  0.031892  \n",
      "3  0.061121  0.005029  0.123889  \n",
      "4 -0.008477 -0.005775  0.121718  \n",
      "5 -0.018809  0.137267 -0.112171  \n",
      "6 -0.003676 -0.024613  0.018341  \n",
      "7  0.889787 -0.107231  0.148378  \n",
      "8 -0.107231  1.008862 -0.158314  \n",
      "9  0.148378 -0.158314  1.104800  \n",
      "(I - V) eigenvalues: [0.49410726 0.38477758 0.31479037 0.24161896 0.2221308  0.19122317\n",
      " 0.11183816 0.06432793 0.05109226 0.0297754 ]\n",
      "(I - V)^2 eigenvalues: [0.24414199 0.14805379 0.09909297 0.05837972 0.04934209 0.0365663\n",
      " 0.01250778 0.00413808 0.00261042 0.00088657]\n",
      "-------------------------------------------------------------------\n",
      "Class label 4:\n",
      "COV Mat:\n",
      "          0         1         2         3         4         5         6  \\\n",
      "0  0.975024 -0.084811 -0.150264  0.056793 -0.066457 -0.110945  0.134294   \n",
      "1 -0.084811  1.021275  0.064436  0.030468  0.145744 -0.002180 -0.060871   \n",
      "2 -0.150264  0.064436  1.017532  0.110805 -0.118375  0.008102 -0.019811   \n",
      "3  0.056793  0.030468  0.110805  0.922840  0.047939 -0.082569 -0.036174   \n",
      "4 -0.066457  0.145744 -0.118375  0.047939  0.984285  0.010665 -0.033777   \n",
      "5 -0.110945 -0.002180  0.008102 -0.082569  0.010665  0.883110 -0.067078   \n",
      "6  0.134294 -0.060871 -0.019811 -0.036174 -0.033777 -0.067078  0.996530   \n",
      "7  0.143683  0.087511  0.056792  0.026332 -0.094270  0.007219 -0.038382   \n",
      "8 -0.030932  0.005954 -0.063354  0.069247  0.033285 -0.000318  0.031183   \n",
      "9  0.031071 -0.090348  0.021215  0.062339 -0.094085  0.228548 -0.025526   \n",
      "\n",
      "          7         8         9  \n",
      "0  0.143683 -0.030932  0.031071  \n",
      "1  0.087511  0.005954 -0.090348  \n",
      "2  0.056792 -0.063354  0.021215  \n",
      "3  0.026332  0.069247  0.062339  \n",
      "4 -0.094270  0.033285 -0.094085  \n",
      "5  0.007219 -0.000318  0.228548  \n",
      "6 -0.038382  0.031183 -0.025526  \n",
      "7  0.904525 -0.020827 -0.041911  \n",
      "8 -0.020827  1.015220  0.053513  \n",
      "9 -0.041911  0.053513  0.938299  \n",
      "(I - V) eigenvalues: [0.41756871 0.35490905 0.3131904  0.26415844 0.2475774  0.18649022\n",
      " 0.09328679 0.08657161 0.06680719 0.0215415 ]\n",
      "(I - V)^2 eigenvalues: [0.17436363 0.12596044 0.09808823 0.06977968 0.06129457 0.0347786\n",
      " 0.00870242 0.00749464 0.0044632  0.00046404]\n",
      "-------------------------------------------------------------------\n",
      "Class label 5:\n",
      "COV Mat:\n",
      "          0         1         2         3         4         5         6  \\\n",
      "0  0.685267 -0.124622 -0.302033  0.010135 -0.081744 -0.033494 -0.090889   \n",
      "1 -0.124622  1.087882 -0.138325  0.091484  0.027827 -0.006579  0.043109   \n",
      "2 -0.302033 -0.138325  1.030819 -0.011742 -0.009241  0.016497  0.015139   \n",
      "3  0.010135  0.091484 -0.011742  1.003054 -0.011999  0.038910  0.051288   \n",
      "4 -0.081744  0.027827 -0.009241 -0.011999  1.023621  0.002278 -0.034778   \n",
      "5 -0.033494 -0.006579  0.016497  0.038910  0.002278  1.013837  0.025071   \n",
      "6 -0.090889  0.043109  0.015139  0.051288 -0.034778  0.025071  1.000598   \n",
      "7  0.055499  0.003436 -0.084618 -0.060436  0.017328  0.027741 -0.110052   \n",
      "8 -0.110586  0.055770  0.051511 -0.015262 -0.060017 -0.018172 -0.026320   \n",
      "9 -0.017637 -0.079886  0.016866  0.006070  0.086487  0.022689  0.036098   \n",
      "\n",
      "          7         8         9  \n",
      "0  0.055499 -0.110586 -0.017637  \n",
      "1  0.003436  0.055770 -0.079886  \n",
      "2 -0.084618  0.051511  0.016866  \n",
      "3 -0.060436 -0.015262  0.006070  \n",
      "4  0.017328 -0.060017  0.086487  \n",
      "5  0.027741 -0.018172  0.022689  \n",
      "6 -0.110052 -0.026320  0.036098  \n",
      "7  1.037675  0.049252  0.023207  \n",
      "8  0.049252  1.021152  0.017739  \n",
      "9  0.023207  0.017739  1.002057  \n",
      "(I - V) eigenvalues: [0.56351813 0.31023513 0.24400212 0.19222632 0.14867865 0.13374497\n",
      " 0.11909279 0.05666477 0.03958578 0.00947754]\n",
      "(I - V)^2 eigenvalues: [3.17552685e-01 9.62458374e-02 5.95370327e-02 3.69509584e-02\n",
      " 2.21053403e-02 1.78877167e-02 1.41830935e-02 3.21089601e-03\n",
      " 1.56703397e-03 8.98237704e-05]\n",
      "-------------------------------------------------------------------\n",
      "Weighted sum of (I - V)^2 eigenvalues: [0.13533218 0.0919158  0.07253484 0.0560019  0.04701306 0.04261283\n",
      " 0.0330227  0.03047039 0.01627931 0.01115749]\n",
      "-------------------------------------------------------------------\n",
      "Shape of feature df after post processing: (1000, 3)\n"
     ]
    },
    {
     "data": {
