{
 "cells": [
  {
   "cell_type": "code",
   "execution_count": 1,
   "metadata": {},
   "outputs": [
    {
     "name": "stdout",
     "output_type": "stream",
     "text": [
      "Exception reporting mode: Plain\n"
     ]
    }
   ],
   "source": [
    "import pandas as pd\n",
    "import numpy as np\n",
    "import re\n",
    "import os\n",
    "import time\n",
    "import matplotlib.pyplot as plt\n",
    "from glob import glob\n",
    "import random\n",
    "import sklearn\n",
    "from sklearn.model_selection import GridSearchCV\n",
    "%xmode plain"
   ]
  },
  {
   "cell_type": "code",
   "execution_count": 2,
   "metadata": {},
   "outputs": [],
   "source": [
    "def mahalanobis_transformation(feature_df, flag = \"Train\"):\n",
    "    # whiten the data\n",
    "    from numpy.linalg import pinv\n",
    "    ones = np.ones((feature_df.shape[0], 1)) # n * 1\n",
    "    if flag == \"Train\":\n",
    "        globals()['feature_mean'] = np.array(feature_df.mean()).reshape(-1, 1).T # 1 * p\n",
    "        feature_centered = feature_df - ones @ feature_mean\n",
    "        # get cov matrix # p * p\n",
    "        cov = feature_centered.T @ feature_centered / feature_df.shape[0]\n",
    "        # u, s, vh = np.linalg.svd(cov) # all real numbers\n",
    "        s, u = np.linalg.eigh(cov) # all real numbers\n",
    "        # w, v = np.linalg.eig(cov) # generate complex numbers\n",
    "        # theshold for pinv: 1e-15\n",
    "        s_pinv = pinv(np.diag(s), rcond = 1e-15, hermitian = True)\n",
    "        s_pinv_sqrt = np.array(np.zeros(feature_df.shape[1]))\n",
    "        for i, item in enumerate(np.diag(s_pinv)):\n",
    "            if item > 0:\n",
    "                s_pinv_sqrt[i] = np.sqrt(item)\n",
    "        globals()['sigma_pinv_sqrt'] = u @ np.diag(s_pinv_sqrt) @ u.T\n",
    "        feature_df_whitened = (feature_df - ones @ feature_mean) @ sigma_pinv_sqrt \n",
    "    else:\n",
    "        feature_df_whitened = (feature_df - ones @ globals()['feature_mean']) @ globals()['sigma_pinv_sqrt']\n",
    "    return feature_df_whitened\n",
    "\n",
    "def my_SAVE(feature_df, label_df, flag = \"Train\", n_directions = 977):\n",
    "\n",
    "    def get_cov_mat(feature_df):\n",
    "        from numpy.linalg import pinv\n",
    "        ones = np.ones((feature_df.shape[0], 1)) # n * 1\n",
    "        feature_mean = np.array(feature_df.mean()).reshape(-1, 1).T\n",
    "        feature_centered = feature_df - ones @ feature_mean\n",
    "        # get cov matrix # p * p\n",
    "        cov = feature_centered.T @ feature_centered / feature_centered.shape[0]\n",
    "        return cov\n",
    "    \n",
    "    feature_df = pd.DataFrame(feature_df)\n",
    "    if flag == \"Train\":\n",
    "        # whitening\n",
    "        feature_df_whitened = mahalanobis_transformation(feature_df, flag = \"Train\")\n",
    "        print('-------------------------------------------------------------------')\n",
    "        print(f'Shape of feature df before post processing: {feature_df.shape}')\n",
    "        # get slices\n",
    "        slice_index_dict = {1: [], 2: [], 3: [], 4: [], 5: []}\n",
    "        for i in np.arange(5):\n",
    "            slice_index_dict[i + 1].extend(label_df[label_df[\"label\"] == (i + 1)].index)\n",
    "            globals()[\"feature_df_\" + str(i + 1)] = feature_df_whitened.loc[slice_index_dict[i + 1],:]\n",
    "            globals()[\"label_df_\" + str(i + 1)] = label_df.loc[slice_index_dict[i + 1], \"label\"]\n",
    "            # get sliced cov matrices\n",
    "            globals()['cov_' + str(i + 1)] = get_cov_mat(globals()[\"feature_df_\" + str(i + 1)])\n",
    "        # concatenate 5 cov matrices, weighted by the proportion of classes\n",
    "        globals()['weight_df'] = label_df[\"label\"].value_counts() / label_df.shape[0]\n",
    "        weighted_cov = pd.DataFrame(\n",
    "            data = np.zeros((cov_1.shape[0], cov_1.shape[0])), \n",
    "            columns = np.arange(feature_df.shape[1], dtype = int), \n",
    "            index = globals()['cov_' + str(1)].index\n",
    "        )\n",
    "        for i in np.arange(5):\n",
    "            print('-------------------------------------------------------------------')\n",
    "            print(f'Class label {str(i + 1)}:')\n",
    "            print('COV Mat:')\n",
    "            print(globals()['cov_' + str(i + 1)])\n",
    "            if feature_df.shape[1] == 2:\n",
    "                # u, s, vh = np.linalg.svd(globals()['cov_' + str(i + 1)])\n",
    "                u, s = np.linalg.eigh(globals()['cov_' + str(i + 1)])\n",
    "                print(f'Eigen values of COV mat: {s}')\n",
    "                print(f'Eigen values ratio of COV mat: {s[0] / s[1]:8.4f}')\n",
    "                print(f'(1 - Eigen values of COV mat) ratio: {(1 - s[0]) / (1 - s[1]):8.4f}')\n",
    "                print(f'(1 - Eigen values of COV mat)^2 ratio: {((1 - s[0]) / (1 - s[1])) ** 2:8.4f}')\n",
    "                # u, s, vh = np.linalg.svd(np.eye(cov_1.shape[0]) - globals()[\"cov_\" + str(i + 1)])\n",
    "                s, u = np.linalg.eigh(np.eye(cov_1.shape[0]) - globals()[\"cov_\" + str(i + 1)])\n",
    "                print(f'Eigen values of (I - COV mat): {s}')\n",
    "                print(f'Eigen values ratio of (I - COV mat) : {s[0] / s[1]:8.4f}')\n",
    "                print(f'(1 - Eigen values of (I - COV mat)) ratio: {(1 - s[0]) / (1 - s[1]):8.4f}')\n",
    "                print(f'(1 - Eigen values of (I - COV mat))^2 ratio: {((1 - s[0]) / (1 - s[1])) ** 2:8.4f}')\n",
    "\n",
    "            # u, s, vh = np.linalg.svd(np.eye(cov_1.shape[0]) - globals()[\"cov_\" + str(i + 1)])\n",
    "            s, u = np.linalg.eigh(np.eye(cov_1.shape[0]) - globals()[\"cov_\" + str(i + 1)])\n",
    "            print(f'(I - V) eigenvalues: {s}')\n",
    "            # u, s, vh = np.linalg.svd((np.eye(cov_1.shape[0]) - globals()[\"cov_\" + str(i + 1)]) @ (np.eye(cov_1.shape[0]) - globals()[\"cov_\" + str(i + 1)]).T)\n",
    "            s, u = np.linalg.eigh((np.eye(cov_1.shape[0]) - globals()[\"cov_\" + str(i + 1)]) @ (np.eye(cov_1.shape[0]) - globals()[\"cov_\" + str(i + 1)]).T)\n",
    "            print(f'(I - V)^2 eigenvalues: {s}')\n",
    "            weighted_cov += weight_df.loc[i + 1] * (np.eye(cov_1.shape[0]) - globals()[\"cov_\" + str(i + 1)]) @ (np.eye(cov_1.shape[0]) - globals()[\"cov_\" + str(i + 1)]).T\n",
    "        # u, s, vh = np.linalg.svd(weighted_cov)\n",
    "        s, u = np.linalg.eigh(weighted_cov)\n",
    "        print('-------------------------------------------------------------------')\n",
    "        print(f'Weighted sum of (I - V)^2 eigenvalues: {s}')\n",
    "        print('-------------------------------------------------------------------')\n",
    "        globals()['directions'] = u[:,:n_directions]\n",
    "        feature_df_reduced = feature_df_whitened @ directions\n",
    "        print(f'Shape of feature df after post processing: {feature_df_reduced.shape}')  \n",
    "    elif flag == \"Test\":\n",
    "        feature_df_whitened = mahalanobis_transformation(feature_df, flag = \"Test\")\n",
    "        feature_df_reduced = feature_df_whitened @ globals()['directions']\n",
    "    return feature_df_reduced, feature_df_whitened\n",
    "\n",
    "def sliced_SAVE(feature_df, label_df, flag = \"Train\", n_directions = 977):\n",
    "    from sliced import SlicedAverageVarianceEstimation\n",
    "    feature_df = pd.DataFrame(feature_df)\n",
    "    if flag == \"Train\":\n",
    "        # whitening\n",
    "        # feature_df_whitened = mahalanobis_transformation(feature_df, flag = \"Train\")\n",
    "        feature_df_whitened = feature_df\n",
    "        print('-------------------------------------------------------------------')\n",
    "        print(f'Shape of feature df before post processing: {feature_df.shape}')\n",
    "        globals()['save'] = SlicedAverageVarianceEstimation(n_directions = n_directions, n_slices = 5)\n",
    "        globals()['save'].fit(feature_df, label_df)\n",
    "        globals()['directions'] = globals()['save'].directions_\n",
    "        feature_df_reduced = globals()['save'].transform(feature_df_whitened)\n",
    "        print('-------------------------------------------------------------------')\n",
    "        print(f'Shape of feature df after post processing: {feature_df_reduced.shape}') \n",
    "        return feature_df_reduced, feature_df_whitened\n",
    "    else:\n",
    "        # feature_df_whitened = mahalanobis_transformation(feature_df, flag = \"Test\")\n",
    "        feature_df_whitened = feature_df\n",
    "        feature_df_reduced = globals()['save'].transform(feature_df_whitened)\n",
    "        return feature_df_reduced, feature_df_whitened\n",
    "\n",
    "def post_process(\n",
    "    feature_df, \n",
    "    label_df, \n",
    "    flag = \"Train\", \n",
    "    method = None, \n",
    "    add_predictors = False, \n",
    "    n_directions = 977\n",
    "):\n",
    "    '''\n",
    "    Implement sufficient dimension reduction methods. \n",
    "    SAVE\n",
    "    Contour regression\n",
    "    '''\n",
    "    %xmode plain\n",
    "    import pandas as pd\n",
    "    import re\n",
    "    import os\n",
    "    import numpy as np\n",
    "    from sklearn.decomposition import PCA\n",
    "    from sklearn.preprocessing import StandardScaler\n",
    "\n",
    "    if method:\n",
    "        feature_df_reduced, feature_df_whitened = method(\n",
    "            feature_df = feature_df, \n",
    "            label_df = label_df, \n",
    "            flag = flag,\n",
    "            n_directions = n_directions\n",
    "        )\n",
    "        feature_df_reduced = pd.DataFrame(feature_df_reduced)\n",
    "        return feature_df_reduced, feature_df_whitened\n",
    "    else:\n",
    "        print(\"No method specified\")\n",
    "        pass\n",
    "\n",
    "\n",
    "def sanity_check(size = 1000, core_dirs = 1, feature_df_flag = False, feature_df = None, core_distribution = np.random.uniform, redundant_dirs = 1, n_directions = 1, fig_output = True, **kwargs):\n",
    "    if feature_df_flag == False:\n",
    "        core_feature_df = pd.DataFrame(data = None)\n",
    "        for i in np.arange(core_dirs):\n",
    "            core_feature_df = pd.concat(\n",
    "                [\n",
    "                    core_feature_df, \n",
    "                    pd.Series(core_distribution(size = size, **kwargs) * 5)\n",
    "                ], \n",
    "                axis = 1\n",
    "            )\n",
    "        core_coef = np.random.random(size = core_dirs) * 0.1\n",
    "        y_train = np.sin(0.2 * np.asarray(core_feature_df) @ core_coef) * 5 + np.random.random(size = size)   \n",
    "        y_train_discrete = pd.cut(y_train, bins = 5, labels=np.arange(5) + 1).astype(int)\n",
    "        redundant_feature_df = pd.DataFrame(data = None)\n",
    "        for i in np.arange(redundant_dirs):\n",
    "            redundant_feature_df = pd.concat(\n",
    "                [\n",
    "                    redundant_feature_df, \n",
    "                    pd.Series(core_distribution(size = size, **kwargs) * (np.random.randint(10) + 5))\n",
    "                ], \n",
    "                axis = 1\n",
    "            )\n",
    "\n",
    "    if feature_df_flag == False:\n",
    "        syncthetic_feature_df_train = pd.concat([core_feature_df, redundant_feature_df], axis = 1)\n",
    "    else:\n",
    "        syncthetic_feature_df_train = feature_df\n",
    "    syncthetic_label_df_train = pd.DataFrame(y_train_discrete, columns = [\"label\"])\n",
    "\n",
    "    feature_df_reduced, feature_df_whitened = post_process(\n",
    "        feature_df = syncthetic_feature_df_train, \n",
    "        label_df = syncthetic_label_df_train, \n",
    "        flag = \"Train\", \n",
    "        method = my_SAVE, \n",
    "        n_directions = n_directions\n",
    "    )\n",
    "    if fig_output:\n",
    "        fig = plt.figure(figsize = (4,4), dpi = 270)\n",
    "        ax = fig.add_subplot(projection = '3d')\n",
    "        ax.scatter(\n",
    "            feature_df_whitened.iloc[:,0], \n",
    "            feature_df_whitened.iloc[:,1], \n",
    "            y_train_discrete.reshape(-1, 1), \n",
    "            cmap = \"inferno\", \n",
    "            s = 4, \n",
    "            linewidths = 0, \n",
    "            edgecolors = None, \n",
    "            c = y_train_discrete.reshape(-1, 1))\n",
    "        ax.set_xlabel(\"core_x1\")\n",
    "        ax.set_ylabel(\"redundant_x1\")\n",
    "        ax.set_zlabel(\"y\")\n",
    "        ax.set_title(\"Core features: \" + str(core_dirs) + \" Redundant features: \" + str(redundant_dirs))\n",
    "        plt.show()\n",
    "        plt.figure(figsize = (4, 3), dpi = 270)\n",
    "        plt.scatter(core_feature_df.iloc[:,0], y_train_discrete, cmap = \"inferno\", c = y_train_discrete.reshape(-1, 1))\n",
    "        plt.xlabel(\"core_x1\")\n",
    "        plt.ylabel(\"y\")\n",
    "        plt.title(\"Sectional View\")\n",
    "        plt.show()\n",
    "    print('-------------------------------------------------------------------')\n",
    "    print(f'Directions: \\n{directions}')\n",
    "    return feature_df_reduced, feature_df_whitened, syncthetic_label_df_train"
   ]
  },
  {
   "cell_type": "code",
   "execution_count": null,
   "metadata": {},
   "outputs": [],
   "source": [
    "# feature_df_reduced, feature_df_whitened, label_df = sanity_check(core_dirs = 3, redundant_dirs = 7, n_directions = 3, low = 20, high = 100)"
   ]
  },
  {
   "cell_type": "code",
   "execution_count": 3,
   "metadata": {},
   "outputs": [],
   "source": [
    "def my_lr(feature_df_train, feature_df_test, label_df_train, label_df_test):\n",
    "    from sklearn.linear_model import LogisticRegression\n",
    "    from sklearn.model_selection import GridSearchCV\n",
    "    from sklearn.model_selection import train_test_split\n",
    "    from sklearn.metrics import f1_score, accuracy_score\n",
    "\n",
    "    lr_params_grid = {\n",
    "        'C': [0.0001, 0.001, 0.01, 0.1, 0.5, 1,3,5,10], \n",
    "        'tol': [1e-5, 1e-4, 1e-3, 1e-2], \n",
    "        'penalty': ['elasticnet'],  \n",
    "        'solver': ['saga'], \n",
    "        'random_state': [42], \n",
    "        'max_iter': [200, 400, 600, 1000], \n",
    "        'verbose': [0], \n",
    "        'n_jobs': [-1], \n",
    "        'l1_ratio': [0, 0.001, 0.01, 0.1, 0.2, 0.5, 0.8, 1]\n",
    "    }\n",
    "\n",
    "    gs_lr = GridSearchCV(\n",
    "        estimator = LogisticRegression(), \n",
    "        param_grid = lr_params_grid, \n",
    "        cv = 5, \n",
    "        scoring = 'accuracy', \n",
    "        verbose = 0, \n",
    "        n_jobs = 6\n",
    "    )\n",
    "    gs_lr.fit(feature_df_train, np.array(label_df_train).ravel())\n",
    "    best_lr = gs_lr.best_estimator_\n",
    "    lr_pred = best_lr.predict(feature_df_test)\n",
    "    lr_f1 = f1_score(y_true = label_df_test, y_pred = lr_pred, average = 'macro')\n",
    "    lr_accu = accuracy_score(y_true = label_df_test, y_pred = lr_pred)\n",
    "    print('Best params: ')\n",
    "    print(gs_lr.best_params_)\n",
    "    print(f'Accuracy: {lr_accu:8.4f}\\nF1-score: {lr_f1:8.4f}')\n",
    "    print('-------------------------------------------------------------------')\n",
    "    return lr_f1, lr_accu"
   ]
  },
  {
   "cell_type": "code",
   "execution_count": 4,
   "metadata": {},
   "outputs": [],
   "source": [
    "def plot_learning_curve(n_directions_list, f1_score_list, accu_score_list, baseline_f1, baseline_accu, n_relevant_feature, metric_name, x_name, title, x_scale = \"linear\", save = False, filepath = \"\", filename = \"\"):\n",
    "    '''\n",
    "    Input: x-axis (e.g. PCA directions kept / n_estimators / max_depth)\n",
    "           metric_name for y-axis (e.g. misclassification error / crossentropy error / accuracy / f1 score)\n",
    "           title for this axis\n",
    "           training + validation score in list\n",
    "           default in linear scale\n",
    "           default no saving files, if save is True, then have to specify filename and file path\n",
    "    Output: inline display of the learning curve\n",
    "    '''\n",
    "    import pandas as pd\n",
    "    import numpy as np  \n",
    "    import matplotlib\n",
    "    from matplotlib import pyplot as plt\n",
    "    from matplotlib import cm\n",
    "    plt.style.use('ggplot')\n",
    "    plt.rcParams[\"font.weight\"] = \"bold\"\n",
    "    plt.rcParams[\"axes.labelweight\"] = \"bold\"\n",
    "    plt.rcParams[\"axes.titleweight\"] = \"bold\"\n",
    "    fig,ax = plt.subplots(1, 1, figsize = (8, 8), dpi = 320)\n",
    "    ax.axvline(x = n_relevant_feature, alpha = 0.4, c = [56 / 255, 56 / 255, 56 / 255], linewidth = 18)\n",
    "    ax.text(x = n_relevant_feature - 0.5, y = 0.2, s = \"n_relevant_features = \" + str(n_relevant_feature))\n",
    "    ax.plot(n_directions_list, f1_score_list, 'o-', label = \"F1 score\", linewidth = 2)\n",
    "    ax.plot(n_directions_list, accu_score_list, 'o-', label = \"Accuracy score\", linewidth = 2)\n",
    "    ax.axhline(y = baseline_f1, label = \"Baseline F1\", linestyle = '--', linewidth = 2, c = [255 / 255, 107 / 255, 107 / 255], alpha = 0.7)\n",
    "    ax.axhline(y = baseline_accu, label = \"Baseline Accuracy\", linestyle = '--', linewidth = 2, c = [165 / 255, 190 / 255, 204 / 255], alpha = 0.7)\n",
    "    ax.legend()\n",
    "    ax.set_xscale(x_scale)\n",
    "    ax.set_title('Learning Curve: ' + title)\n",
    "    ax.set_xlabel(x_name)\n",
    "    ax.set_ylabel(metric_name)\n",
    "    plt.show()\n",
    "    if save:\n",
    "        fig.savefig(filepath + filename + \".png\", format = \"png\")\n",
    "    pass"
   ]
  },
  {
   "cell_type": "code",
   "execution_count": 5,
   "metadata": {},
   "outputs": [],
   "source": [
    "# generate feature_df for reuse\n",
    "def generate_synthetic_data(core_dirs = 3, redundant_dirs = 7, size = 2500, test_size = 0.2, core_distribution = np.random.multivariate_normal, **kwargs): # different dist\n",
    "    import pandas as pd\n",
    "    import numpy as np\n",
    "    import random\n",
    "    from sklearn.model_selection import train_test_split\n",
    "\n",
    "    total_features = core_dirs + redundant_dirs\n",
    "    mean_vec = np.random.random(size = total_features) * 10\n",
    "    feature_df = pd.DataFrame(core_distribution(size = size, mean = mean_vec, **kwargs)) # specify mean + cov\n",
    "    core_coef = np.random.random(size = core_dirs) + 0.5\n",
    "    redundant_coef = np.zeros((redundant_dirs))\n",
    "    coef = np.concatenate([core_coef, redundant_coef], axis = 0)\n",
    "    y_train = np.sin(0.2 * np.asarray(feature_df) @ coef) * 10 + np.random.random(size = size)   \n",
    "    y_train_discrete = pd.cut(y_train, bins = 5, labels = np.arange(5) + 1).astype(int)\n",
    "    synthetic_feature_df = feature_df\n",
    "    synthetic_label_df = pd.DataFrame(y_train_discrete, columns = [\"label\"])\n",
    "    synthetic_feature_df_train, synthetic_feature_df_test, synthetic_label_df_train, synthetic_label_df_test = train_test_split(\n",
    "        synthetic_feature_df, synthetic_label_df, \n",
    "        test_size = test_size, \n",
    "        shuffle = True, \n",
    "        random_state = 42\n",
    "    )\n",
    "    return synthetic_feature_df_train, synthetic_label_df_train, synthetic_feature_df_test, synthetic_label_df_test\n"
   ]
  },
  {
   "cell_type": "code",
   "execution_count": 6,
   "metadata": {},
   "outputs": [],
   "source": [
    "def lr_learning_curve(synthetic_feature_df_train, synthetic_label_df_train, synthetic_feature_df_test, synthetic_label_df_test, method = my_SAVE):\n",
    "    from sklearn.linear_model import LogisticRegression\n",
    "    from sklearn.model_selection import GridSearchCV\n",
    "    from sklearn.model_selection import train_test_split\n",
    "    from sklearn.metrics import f1_score, accuracy_score\n",
    "\n",
    "    n_directions_list = list(np.arange(1, synthetic_feature_df_train.shape[1] + 1, dtype = int))\n",
    "    f1_list = []\n",
    "    accu_list = []\n",
    "\n",
    "    for n_direction in n_directions_list:\n",
    "        print(f'n_directions: {n_direction}')\n",
    "        globals()['feature_df_reduced_' + str(n_direction) + \"_train\"], synthetic_feature_df_train_whitened = post_process(\n",
    "            synthetic_feature_df_train, \n",
    "            synthetic_label_df_train, \n",
    "            flag = \"Train\", \n",
    "            method = method, \n",
    "            add_predictors = False, \n",
    "            n_directions = n_direction\n",
    "        )\n",
    "        globals()['feature_df_reduced_' + str(n_direction) + \"_test\"], synthetic_feature_df_test_whitened = post_process(\n",
    "            synthetic_feature_df_test, \n",
    "            synthetic_label_df_test, \n",
    "            flag = \"Test\", \n",
    "            method = method, \n",
    "            add_predictors = False, \n",
    "            n_directions = n_direction\n",
    "        )\n",
    "        curr_test_f1, curr_test_accu = my_lr(\n",
    "            feature_df_train = globals()['feature_df_reduced_' + str(n_direction) + \"_train\"], \n",
    "            feature_df_test = globals()['feature_df_reduced_' + str(n_direction) + \"_test\"], \n",
    "            label_df_train = synthetic_label_df_train, \n",
    "            label_df_test = synthetic_label_df_test\n",
    "        )\n",
    "        f1_list.append(curr_test_f1)\n",
    "        accu_list.append(curr_test_accu)\n",
    "\n",
    "    # train w/ original features -> syncthetic_feature_df -> whitened\n",
    "    baseline_test_f1, baseline_test_accu = my_lr(\n",
    "            feature_df_train = synthetic_feature_df_train_whitened, \n",
    "            feature_df_test = synthetic_feature_df_test_whitened, \n",
    "            label_df_train = synthetic_label_df_train, \n",
    "            label_df_test = synthetic_label_df_test\n",
    "    )\n",
    "    return f1_list, accu_list, baseline_test_f1, baseline_test_accu, n_directions_list\n"
   ]
  },
  {
   "cell_type": "code",
   "execution_count": 7,
   "metadata": {},
   "outputs": [],
   "source": [
    "def train_loop(core_dirs, redundant_dirs, size = 2500, test_size = 0.2, n_iteration = 10, save = True, suffix = \"\"):\n",
    "    if save:\n",
    "        if suffix == \"\":\n",
    "            raise ValueError(\"No filename suffix assigned!\")\n",
    "    total_features = core_dirs + redundant_dirs\n",
    "    columns_list = list(np.arange(1, total_features + 1, dtype = int))\n",
    "    columns_list.append(\"baseline\")\n",
    "    f1_df = pd.DataFrame(data = None, columns = columns_list)\n",
    "    accu_df = pd.DataFrame(data = None, columns = columns_list)\n",
    "    for i in np.arange(n_iteration):\n",
    "        f1_list, accu_list = [], []\n",
    "        # cov = np.diag(np.random.random(size = total_features) * 10)\n",
    "        cov = np.eye(total_features)\n",
    "        synthetic_feature_df_train, synthetic_label_df_train, synthetic_feature_df_test, synthetic_label_df_test = generate_synthetic_data(\n",
    "            core_dirs = core_dirs, \n",
    "            redundant_dirs = redundant_dirs, \n",
    "            size = size, \n",
    "            test_size = test_size, \n",
    "            core_distribution = np.random.multivariate_normal, \n",
    "            cov = cov\n",
    "        )\n",
    "        f1_list, accu_list, baseline_f1, baseline_accu, n_directions_list = lr_learning_curve(\n",
    "            synthetic_feature_df_train, \n",
    "            synthetic_label_df_train, \n",
    "            synthetic_feature_df_test, \n",
    "            synthetic_label_df_test\n",
    "        )\n",
    "        f1_list.append(baseline_f1)\n",
    "        accu_list.append(baseline_accu)\n",
    "        f1_df = pd.concat([f1_df, pd.DataFrame([f1_list], columns = f1_df.columns, index = [i])], axis = 0)\n",
    "        accu_df = pd.concat([accu_df, pd.DataFrame([accu_list], columns = f1_df.columns, index = [i])], axis = 0)\n",
    "\n",
    "    if save:\n",
    "            f1_df.to_csv(\"../output/f1_df_\" + suffix + \".csv\", header = True)\n",
    "            accu_df.to_csv(\"../output/accu_df_\" + suffix + \".csv\", header = True)\n",
    "\n",
    "    return f1_df, accu_df"
   ]
  },
  {
   "cell_type": "code",
   "execution_count": 8,
   "metadata": {},
   "outputs": [
    {
     "name": "stdout",
     "output_type": "stream",
     "text": [
      "n_directions: 1\n",
      "Exception reporting mode: Plain\n",
      "-------------------------------------------------------------------\n",
      "Shape of feature df before post processing: (2000, 10)\n",
      "-------------------------------------------------------------------\n",
      "Class label 1:\n",
      "COV Mat:\n",
      "          0         1         2         3         4         5         6  \\\n",
      "0  0.749725 -0.131760 -0.234425 -0.140518 -0.029579  0.008421 -0.002008   \n",
      "1 -0.131760  0.887308 -0.092922 -0.071182  0.034261  0.015572  0.002842   \n",
      "2 -0.234425 -0.092922  0.861896 -0.119011 -0.015443  0.001018 -0.031133   \n",
      "3 -0.140518 -0.071182 -0.119011  0.946845  0.024302  0.033658  0.007091   \n",
      "4 -0.029579  0.034261 -0.015443  0.024302  0.981946  0.035826  0.030592   \n",
      "5  0.008421  0.015572  0.001018  0.033658  0.035826  0.958682  0.036665   \n",
      "6 -0.002008  0.002842 -0.031133  0.007091  0.030592  0.036665  0.993577   \n",
      "7 -0.003872  0.007739  0.041190  0.009224 -0.034552 -0.004358  0.003944   \n",
      "8 -0.010248  0.002630  0.024284 -0.004339 -0.013462 -0.003479 -0.018109   \n",
      "9 -0.000345  0.024419  0.004774  0.008595 -0.032064  0.012391 -0.021162   \n",
      "\n",
      "          7         8         9  \n",
      "0 -0.003872 -0.010248 -0.000345  \n",
      "1  0.007739  0.002630  0.024419  \n",
      "2  0.041190  0.024284  0.004774  \n",
      "3  0.009224 -0.004339  0.008595  \n",
      "4 -0.034552 -0.013462 -0.032064  \n",
      "5 -0.004358 -0.003479  0.012391  \n",
      "6  0.003944 -0.018109 -0.021162  \n",
      "7  0.996158  0.012672  0.011931  \n",
      "8  0.012672  1.022127 -0.015084  \n",
      "9  0.011931 -0.015084  1.001822  \n",
      "(I - V) eigenvalues: [-0.11182965 -0.06168818 -0.03408763 -0.00921417 -0.00065618  0.01073324\n",
      "  0.05121019  0.07216755  0.10401481  0.57926404]\n",
      "(I - V)^2 eigenvalues: [4.30567547e-07 8.49009414e-05 1.15202449e-04 1.16196624e-03\n",
      " 2.62248392e-03 3.80543208e-03 5.20815463e-03 1.08190811e-02\n",
      " 1.25058699e-02 3.35546833e-01]\n",
      "-------------------------------------------------------------------\n",
      "Class label 2:\n",
      "COV Mat:\n",
      "          0         1         2         3         4         5         6  \\\n",
      "0  0.554019 -0.239012 -0.347626 -0.197258  0.060135  0.009789 -0.017147   \n",
      "1 -0.239012  0.923565 -0.154961 -0.056408 -0.009741 -0.012534 -0.003889   \n",
      "2 -0.347626 -0.154961  0.699299 -0.161458  0.004544  0.023519  0.016832   \n",
      "3 -0.197258 -0.056408 -0.161458  0.818867 -0.076713 -0.025174  0.007538   \n",
      "4  0.060135 -0.009741  0.004544 -0.076713  1.067905 -0.044660 -0.043467   \n",
      "5  0.009789 -0.012534  0.023519 -0.025174 -0.044660  1.025780 -0.025061   \n",
      "6 -0.017147 -0.003889  0.016832  0.007538 -0.043467 -0.025061  0.995928   \n",
      "7  0.019321  0.024284 -0.024802  0.018677  0.030059 -0.033656  0.007964   \n",
      "8 -0.018405 -0.053830 -0.033422  0.084881  0.026143  0.023836  0.016713   \n",
      "9  0.017966 -0.036997 -0.000152  0.002256  0.075512 -0.041287  0.038257   \n",
      "\n",
      "          7         8         9  \n",
      "0  0.019321 -0.018405  0.017966  \n",
      "1  0.024284 -0.053830 -0.036997  \n",
      "2 -0.024802 -0.033422 -0.000152  \n",
      "3  0.018677  0.084881  0.002256  \n",
      "4  0.030059  0.026143  0.075512  \n",
      "5 -0.033656  0.023836 -0.041287  \n",
      "6  0.007964  0.016713  0.038257  \n",
      "7  1.017585 -0.069381 -0.017227  \n",
      "8 -0.069381  0.972230  0.005548  \n",
      "9 -0.017227  0.005548  0.990821  \n",
      "(I - V) eigenvalues: [-0.18169517 -0.11964441 -0.07526452 -0.02028284 -0.00932548  0.04260178\n",
      "  0.06535646  0.08399607  0.2227606   0.92549778]\n",
      "(I - V)^2 eigenvalues: [8.69645411e-05 4.11393607e-04 1.81491183e-03 4.27146741e-03\n",
      " 5.66474740e-03 7.05533962e-03 1.43147854e-02 3.30131345e-02\n",
      " 4.96222839e-02 8.56546133e-01]\n",
      "-------------------------------------------------------------------\n",
      "Class label 3:\n",
      "COV Mat:\n",
      "          0         1         2         3         4         5         6  \\\n",
      "0  0.448586 -0.168024 -0.260012 -0.254193 -0.032638  0.050266  0.020761   \n",
      "1 -0.168024  1.102720 -0.263577 -0.228693 -0.187617  0.014948 -0.030204   \n",
      "2 -0.260012 -0.263577  0.594069 -0.116622  0.077804  0.012383  0.077046   \n",
      "3 -0.254193 -0.228693 -0.116622  1.056804  0.117661 -0.125550 -0.127785   \n",
      "4 -0.032638 -0.187617  0.077804  0.117661  0.955276 -0.057504 -0.028794   \n",
      "5  0.050266  0.014948  0.012383 -0.125550 -0.057504  1.216923 -0.126428   \n",
      "6  0.020761 -0.030204  0.077046 -0.127785 -0.028794 -0.126428  1.026641   \n",
      "7  0.129030 -0.059177 -0.053468 -0.087941  0.084834  0.118870  0.001522   \n",
      "8  0.059919  0.096746 -0.063240 -0.232805 -0.036312 -0.034567  0.094621   \n",
      "9  0.001949 -0.003401  0.014404 -0.057927  0.072331  0.059499  0.030572   \n",
      "\n",
      "          7         8         9  \n",
      "0  0.129030  0.059919  0.001949  \n",
      "1 -0.059177  0.096746 -0.003401  \n",
      "2 -0.053468 -0.063240  0.014404  \n",
      "3 -0.087941 -0.232805 -0.057927  \n",
      "4  0.084834 -0.036312  0.072331  \n",
      "5  0.118870 -0.034567  0.059499  \n",
      "6  0.001522  0.094621  0.030572  \n",
      "7  0.977652  0.121024 -0.014384  \n",
      "8  0.121024  1.015488  0.134827  \n",
      "9 -0.014384  0.134827  1.010218  \n",
      "(I - V) eigenvalues: [-0.61026429 -0.32923879 -0.29813173 -0.0448589  -0.02818616  0.17340617\n",
      "  0.18185871  0.25737316  0.3424289   0.95123482]\n",
      "(I - V)^2 eigenvalues: [7.94459401e-04 2.01232051e-03 3.00696994e-02 3.30725906e-02\n",
      " 6.62409454e-02 8.88825257e-02 1.08398178e-01 1.17257555e-01\n",
      " 3.72422498e-01 9.04847683e-01]\n",
      "-------------------------------------------------------------------\n",
      "Class label 4:\n",
      "COV Mat:\n",
      "          0         1         2         3         4         5         6  \\\n",
      "0  0.459052 -0.171908 -0.285014 -0.167301  0.091074 -0.057307 -0.078747   \n",
      "1 -0.171908  0.898229 -0.311771 -0.125803 -0.035248 -0.039019 -0.051863   \n",
      "2 -0.285014 -0.311771  0.726585 -0.175923  0.069269 -0.055579  0.071786   \n",
      "3 -0.167301 -0.125803 -0.175923  0.783024 -0.083246  0.182495  0.121215   \n",
      "4  0.091074 -0.035248  0.069269 -0.083246  0.774946 -0.043853 -0.144850   \n",
      "5 -0.057307 -0.039019 -0.055579  0.182495 -0.043853  0.830248 -0.136355   \n",
      "6 -0.078747 -0.051863  0.071786  0.121215 -0.144850 -0.136355  1.169306   \n",
      "7  0.019979  0.097892 -0.066010  0.075419  0.234870 -0.002626 -0.228330   \n",
      "8  0.043335  0.199656 -0.051282 -0.198908  0.082050  0.017422 -0.115502   \n",
      "9  0.018027  0.016803 -0.048014  0.034326 -0.305519 -0.190614  0.015091   \n",
      "\n",
      "          7         8         9  \n",
      "0  0.019979  0.043335  0.018027  \n",
      "1  0.097892  0.199656  0.016803  \n",
      "2 -0.066010 -0.051282 -0.048014  \n",
      "3  0.075419 -0.198908  0.034326  \n",
      "4  0.234870  0.082050 -0.305519  \n",
      "5 -0.002626  0.017422 -0.190614  \n",
      "6 -0.228330 -0.115502  0.015091  \n",
      "7  0.823811  0.091951 -0.067532  \n",
      "8  0.091951  0.662427 -0.128657  \n",
      "9 -0.067532 -0.128657  0.803709  \n",
      "(I - V) eigenvalues: [-0.57065245 -0.21501174 -0.13025896 -0.00802266  0.13067357  0.2175383\n",
      "  0.46830141  0.5798582   0.6323562   0.96388255]\n",
      "(I - V)^2 eigenvalues: [6.43629993e-05 1.69673956e-02 1.70755808e-02 4.62300501e-02\n",
      " 4.73229103e-02 2.19306212e-01 3.25644214e-01 3.36235531e-01\n",
      " 3.99874367e-01 9.29069565e-01]\n",
      "-------------------------------------------------------------------\n",
      "Class label 5:\n",
      "COV Mat:\n",
      "          0         1         2         3         4         5         6  \\\n",
      "0  0.313315 -0.045207 -0.119438 -0.211370  0.398216 -0.347854  0.003289   \n",
      "1 -0.045207  0.650831 -0.216559 -0.122977  0.365990 -0.418448  0.173781   \n",
      "2 -0.119438 -0.216559  0.233557  0.077543 -0.308559  0.215232  0.022394   \n",
      "3 -0.211370 -0.122977  0.077543  0.476344 -0.311961  0.415948  0.114185   \n",
      "4  0.398216  0.365990 -0.308559 -0.311961  0.796308 -0.743270  0.159939   \n",
      "5 -0.347854 -0.418448  0.215232  0.415948 -0.743270  0.802627 -0.188353   \n",
      "6  0.003289  0.173781  0.022394  0.114185  0.159939 -0.188353  0.283299   \n",
      "7 -0.396828 -0.228819  0.219086  0.865344 -0.583644  0.717545  0.288287   \n",
      "8  0.453891 -0.070060 -0.200752 -0.174882  0.598772 -0.467147  0.068023   \n",
      "9 -0.500918 -0.736159  0.257624  0.270863 -1.243335  1.306866 -0.720236   \n",
      "\n",
      "          7         8         9  \n",
      "0 -0.396828  0.453891 -0.500918  \n",
      "1 -0.228819 -0.070060 -0.736159  \n",
      "2  0.219086 -0.200752  0.257624  \n",
      "3  0.865344 -0.174882  0.270863  \n",
      "4 -0.583644  0.598772 -1.243335  \n",
      "5  0.717545 -0.467147  1.306866  \n",
      "6  0.288287  0.068023 -0.720236  \n",
      "7  1.624414 -0.343546  0.322507  \n",
      "8 -0.343546  0.714791 -0.822635  \n",
      "9  0.322507 -0.822635  2.885725  \n",
      "(I - V) eigenvalues: [-4.32882501 -1.16446598  0.10466848  0.6074111   1.          1.\n",
      "  1.          1.          1.          1.        ]\n",
      "(I - V)^2 eigenvalues: [1.09554912e-02 3.68948239e-01 1.00000000e+00 1.00000000e+00\n",
      " 1.00000000e+00 1.00000000e+00 1.00000000e+00 1.00000000e+00\n",
      " 1.35598103e+00 1.87387259e+01]\n",
      "-------------------------------------------------------------------\n",
      "Weighted sum of (I - V)^2 eigenvalues: [0.00656659 0.00960317 0.01145514 0.01630927 0.01814316 0.02273404\n",
      " 0.02827962 0.05258816 0.0593319  0.55380029]\n",
      "-------------------------------------------------------------------\n",
      "Shape of feature df after post processing: (2000, 1)\n",
      "Exception reporting mode: Plain\n"
     ]
    },
    {
     "name": "stderr",
     "output_type": "stream",
     "text": [
      "/Users/kangshuoli/miniforge3/envs/env_torch/lib/python3.9/site-packages/sklearn/linear_model/_sag.py:352: ConvergenceWarning: The max_iter was reached which means the coef_ did not converge\n",
      "  warnings.warn(\n",
      "/Users/kangshuoli/miniforge3/envs/env_torch/lib/python3.9/site-packages/sklearn/linear_model/_sag.py:352: ConvergenceWarning: The max_iter was reached which means the coef_ did not converge\n",
      "  warnings.warn(\n",
      "/Users/kangshuoli/miniforge3/envs/env_torch/lib/python3.9/site-packages/sklearn/linear_model/_sag.py:352: ConvergenceWarning: The max_iter was reached which means the coef_ did not converge\n",
      "  warnings.warn(\n",
      "/Users/kangshuoli/miniforge3/envs/env_torch/lib/python3.9/site-packages/sklearn/linear_model/_sag.py:352: ConvergenceWarning: The max_iter was reached which means the coef_ did not converge\n",
      "  warnings.warn(\n",
      "/Users/kangshuoli/miniforge3/envs/env_torch/lib/python3.9/site-packages/sklearn/linear_model/_sag.py:352: ConvergenceWarning: The max_iter was reached which means the coef_ did not converge\n",
      "  warnings.warn(\n",
      "/Users/kangshuoli/miniforge3/envs/env_torch/lib/python3.9/site-packages/sklearn/linear_model/_sag.py:352: ConvergenceWarning: The max_iter was reached which means the coef_ did not converge\n",
      "  warnings.warn(\n",
      "/Users/kangshuoli/miniforge3/envs/env_torch/lib/python3.9/site-packages/sklearn/linear_model/_sag.py:352: ConvergenceWarning: The max_iter was reached which means the coef_ did not converge\n",
      "  warnings.warn(\n",
      "/Users/kangshuoli/miniforge3/envs/env_torch/lib/python3.9/site-packages/sklearn/linear_model/_sag.py:352: ConvergenceWarning: The max_iter was reached which means the coef_ did not converge\n",
      "  warnings.warn(\n",
      "/Users/kangshuoli/miniforge3/envs/env_torch/lib/python3.9/site-packages/sklearn/linear_model/_sag.py:352: ConvergenceWarning: The max_iter was reached which means the coef_ did not converge\n",
      "  warnings.warn(\n",
      "/Users/kangshuoli/miniforge3/envs/env_torch/lib/python3.9/site-packages/sklearn/linear_model/_sag.py:352: ConvergenceWarning: The max_iter was reached which means the coef_ did not converge\n",
      "  warnings.warn(\n",
      "/Users/kangshuoli/miniforge3/envs/env_torch/lib/python3.9/site-packages/sklearn/linear_model/_sag.py:352: ConvergenceWarning: The max_iter was reached which means the coef_ did not converge\n",
      "  warnings.warn(\n",
      "/Users/kangshuoli/miniforge3/envs/env_torch/lib/python3.9/site-packages/sklearn/linear_model/_sag.py:352: ConvergenceWarning: The max_iter was reached which means the coef_ did not converge\n",
      "  warnings.warn(\n"
     ]
    },
    {
     "name": "stdout",
     "output_type": "stream",
     "text": [
      "Best params: \n",
      "{'C': 0.0001, 'l1_ratio': 0, 'max_iter': 200, 'n_jobs': -1, 'penalty': 'elasticnet', 'random_state': 42, 'solver': 'saga', 'tol': 1e-05, 'verbose': 0}\n",
      "Accuracy:   0.5600\n",
      "F1-score:   0.1436\n",
      "-------------------------------------------------------------------\n",
      "n_directions: 2\n",
      "Exception reporting mode: Plain\n",
      "-------------------------------------------------------------------\n",
      "Shape of feature df before post processing: (2000, 10)\n",
      "-------------------------------------------------------------------\n",
      "Class label 1:\n",
      "COV Mat:\n",
      "          0         1         2         3         4         5         6  \\\n",
      "0  0.749725 -0.131760 -0.234425 -0.140518 -0.029579  0.008421 -0.002008   \n",
      "1 -0.131760  0.887308 -0.092922 -0.071182  0.034261  0.015572  0.002842   \n",
      "2 -0.234425 -0.092922  0.861896 -0.119011 -0.015443  0.001018 -0.031133   \n",
      "3 -0.140518 -0.071182 -0.119011  0.946845  0.024302  0.033658  0.007091   \n",
      "4 -0.029579  0.034261 -0.015443  0.024302  0.981946  0.035826  0.030592   \n",
      "5  0.008421  0.015572  0.001018  0.033658  0.035826  0.958682  0.036665   \n",
      "6 -0.002008  0.002842 -0.031133  0.007091  0.030592  0.036665  0.993577   \n",
      "7 -0.003872  0.007739  0.041190  0.009224 -0.034552 -0.004358  0.003944   \n",
      "8 -0.010248  0.002630  0.024284 -0.004339 -0.013462 -0.003479 -0.018109   \n",
      "9 -0.000345  0.024419  0.004774  0.008595 -0.032064  0.012391 -0.021162   \n",
      "\n",
      "          7         8         9  \n",
      "0 -0.003872 -0.010248 -0.000345  \n",
